   1.7075428712496833e-02
  -2.9296774966122988e-02
   3.7107369908373468e-02
  -4.2652689188184337e-02
   4.6500078585845643e-02
  -4.8887518762819389e-02
   4.9944888640470350e-02
  -4.9762773576021588e-02
   4.8419929342764449e-02
  -4.5995790987760937e-02
   4.2576459599019886e-02
  -3.8257416182043556e-02
   3.3144395924498853e-02
  -2.7353128367030178e-02
   2.1008327026000587e-02
  -1.4242158478681228e-02
   7.1923432945095733e-03
   3.9215809301760891e-02
  -6.4573469450122017e-02
   7.5033550188764231e-02
  -7.4911301743729772e-02
   6.5814491955841076e-02
  -4.9384169474909499e-02
   2.7654064877527584e-02
  -3.0158215526947829e-03
  -2.1947753901584172e-02
   4.4682998651175122e-02
  -6.2897593900268223e-02
   7.4774082595481753e-02
  -7.9140320582728380e-02
   7.5578492485402660e-02
  -6.4461174397352272e-02
   4.6910498867953968e-02
  -2.4684248253190884e-02
   6.0129637121062313e-02
  -9.1674783433712687e-02
   8.9039638502515506e-02
  -6.1202873655271911e-02
   1.7306841137611245e-02
   3.1061895881007766e-02
  -7.1827117459573625e-02
   9.5036396028075773e-02
  -9.5112147657835849e-02
   7.2108775929288008e-02
  -3.1647036373868932e-02
  -1.6468121295754791e-02
   6.0618861492230544e-02
  -9.0168988375295522e-02
   9.8014231367580903e-02
  -8.2279629933078205e-02
   4.6759925773888489e-02
   7.9113827055695418e-02
  -1.0709021376690231e-01
   7.3617885090706325e-02
  -4.4020751800883618e-03
  -6.7249967204276700e-02
   1.0900132844268706e-01
  -1.0242586067331340e-01
   5.0583166397261986e-02
   2.3579061223302791e-02
  -8.7401792782564783e-02
   1.1285458365489059e-01
  -8.8791755357135932e-02
   2.5790233996761079e-02
   4.8522144946727123e-02
  -1.0158595335016017e-01
   1.1016731534301495e-01
  -7.0517704646919172e-02
   9.5555842529018262e-02
  -1.0884955819661415e-01
   3.1793366208311233e-02
   6.9612716543656222e-02
  -1.2283784516799480e-01
   9.0952590444853210e-02
   3.8095913122718726e-03
  -9.6035040324722085e-02
   1.2226011443865976e-01
  -6.4490988201289248e-02
  -3.7574443082644945e-02
   1.1387718415139546e-01
  -1.1207674380704512e-01
   3.3418374078517318e-02
   6.8159620479270822e-02
  -1.2302453647868619e-01
   9.3576135551219797e-02
   1.0892680227045548e-01
  -9.6727660381171976e-02
  -2.5750618978053495e-02
   1.2453751757417655e-01
  -1.0078578137269328e-01
  -2.2067016879814119e-02
   1.2348959343217923e-01
  -1.0421298103513169e-01
  -1.6914676487432292e-02
   1.2157306126127071e-01
  -1.0758314457895031e-01
  -1.1399797837283341e-02
   1.1927991705060495e-01
  -1.1081560781800835e-01
  -5.7363509745611716e-03
   1.1670340513715445e-01
  -1.1387028094531114e-01
   1.1879683990198350e-01
  -7.2270207183045776e-02
  -8.3663789616825607e-02
   1.3154512820995551e-01
  -7.4958289096268508e-03
  -1.2668128351272820e-01
   9.6186841015499222e-02
   5.9403583701744027e-02
  -1.3789189775755603e-01
   3.7286407192772805e-02
   1.1177286804805320e-01
  -1.1572972479387493e-01
  -3.0566036859874534e-02
   1.3720024947559975e-01
  -6.5747530172239513e-02
  -9.1051964881329620e-02
   1.2968140401368100e-01
   1.2484868626964266e-01
  -3.8596181155239447e-02
  -1.2624495575335395e-01
   8.3739565102198418e-02
   9.7373614447807039e-02
  -1.1856354675332946e-01
  -5.5347543801963640e-02
   1.3838033684727288e-01
   6.0799669478472356e-03
  -1.4060427572084674e-01
   4.4046744864485732e-02
   1.2492780890062118e-01
  -8.8610574566225175e-02
  -9.3336110568591618e-02
   1.2191639906881761e-01
   4.9847679502285115e-02
  -1.3970996368701014e-01
   1.2688781604886390e-01
  -3.5342699544002774e-17
  -1.4186489110087422e-01
   8.0980297962237011e-17
   1.4274879305497185e-01
  -1.2689271976768434e-16
  -1.4296891468619416e-01
   1.7287523463162095e-16
   1.4305480770366671e-01
  -2.1888523949638828e-16
  -1.4309687646143637e-01
   2.6490873490706383e-16
   1.4312053470355252e-01
  -3.1093982440617279e-16
  -1.4313513809471382e-01
   3.5697560407828647e-16
   1.4314477779827020e-01
   1.2484868626964279e-01
   3.8596181155239474e-02
  -1.2624495575335412e-01
  -8.3739565102198515e-02
   9.7373614447807288e-02
   1.1856354675332954e-01
  -5.5347543801963849e-02
  -1.3838033684727305e-01
   6.0799669478474082e-03
   1.4060427572084699e-01
   4.4046744864485642e-02
  -1.2492780890062155e-01
  -8.8610574566225120e-02
   9.3336110568592090e-02
   1.2191639906881768e-01
  -4.9847679502285573e-02
  -1.3970996368701039e-01
   1.1879683990198342e-01
   7.2270207183045693e-02
  -8.3663789616825579e-02
  -1.3154512820995534e-01
  -7.4958289096268066e-03
   1.2668128351272814e-01
   9.6186841015499042e-02
  -5.9403583701744062e-02
  -1.3789189775755586e-01
  -3.7286407192772611e-02
   1.1177286804805316e-01
   1.1572972479387476e-01
  -3.0566036859874635e-02
  -1.3720024947559961e-01
  -6.5747530172239221e-02
   9.1051964881329647e-02
   1.2968140401368072e-01
   1.0892680227045565e-01
   9.6727660381172142e-02
  -2.5750618978053537e-02
  -1.2453751757417676e-01
  -1.0078578137269345e-01
   2.2067016879814154e-02
   1.2348959343217943e-01
   1.0421298103513185e-01
  -1.6914676487432317e-02
  -1.2157306126127090e-01
  -1.0758314457895049e-01
   1.1399797837283359e-02
   1.1927991705060514e-01
   1.1081560781800853e-01
  -5.7363509745611812e-03
  -1.1670340513715463e-01
  -1.1387028094531132e-01
   9.5555842529018289e-02
   1.0884955819661418e-01
   3.1793366208311184e-02
  -6.9612716543656306e-02
  -1.2283784516799487e-01
  -9.0952590444853168e-02
   3.8095913122720326e-03
   9.6035040324722154e-02
   1.2226011443865971e-01
   6.4490988201289123e-02
  -3.7574443082645161e-02
  -1.1387718415139554e-01
  -1.1207674380704506e-01
  -3.3418374078516999e-02
   6.8159620479271155e-02
   1.2302453647868625e-01
   9.3576135551219491e-02
   7.9113827055695349e-02
   1.0709021376690228e-01
   7.3617885090706450e-02
   4.4020751800886385e-03
  -6.7249967204276395e-02
  -1.0900132844268694e-01
  -1.0242586067331359e-01
  -5.0583166397262486e-02
   2.3579061223302115e-02
   8.7401792782564228e-02
   1.1285458365489050e-01
   8.8791755357136404e-02
   2.5790233996761992e-02
  -4.8522144946726214e-02
  -1.0158595335015959e-01
  -1.1016731534301501e-01
  -7.0517704646920171e-02
   6.0129637121062764e-02
   9.1674783433713380e-02
   8.9039638502516102e-02
   6.1202873655272237e-02
   1.7306841137611169e-02
  -3.1061895881008206e-02
  -7.1827117459574319e-02
  -9.5036396028076467e-02
  -9.5112147657836460e-02
  -7.2108775929288285e-02
  -3.1647036373868752e-02
   1.6468121295755363e-02
   6.0618861492231293e-02
   9.0168988375296327e-02
   9.8014231367581403e-02
   8.2279629933078441e-02
   4.6759925773888260e-02
   3.9215809301761398e-02
   6.4573469450122878e-02
   7.5033550188765286e-02
   7.4911301743730979e-02
   6.5814491955842325e-02
   4.9384169474910762e-02
   2.7654064877528733e-02
   3.0158215526957053e-03
  -2.1947753901583513e-02
  -4.4682998651174838e-02
  -6.2897593900268375e-02
  -7.4774082595482419e-02
  -7.9140320582729448e-02
  -7.5578492485404145e-02
  -6.4461174397354173e-02
  -4.6910498867956139e-02
  -2.4684248253193129e-02
   1.7075428712497051e-02
   2.9296774966123373e-02
   3.7107369908373961e-02
   4.2652689188184940e-02
   4.6500078585846351e-02
   4.8887518762820222e-02
   4.9944888640471238e-02
   4.9762773576022573e-02
   4.8419929342765552e-02
   4.5995790987762124e-02
   4.2576459599021142e-02
   3.8257416182044902e-02
   3.3144395924500240e-02
   2.7353128367031673e-02
   2.1008327026002100e-02
   1.4242158478682789e-02
   7.1923432945111285e-03
  -2.8644173692945834e-03
   6.3446675719144611e-03
  -1.0466336033850793e-02
   1.5030974410945910e-02
  -1.9867875298006217e-02
   2.4821525343878020e-02
  -2.9746528527440710e-02
   3.4506090335936324e-02
  -3.8972149842551193e-02
   4.3026298395124285e-02
  -4.6561055188689679e-02
   4.9481260891513779e-02
  -5.1705443269841479e-02
   5.3167058350479190e-02
  -5.3815539928040904e-02
   5.3617109383304599e-02
  -1.4898089487420656e-02
   3.1669987539126032e-02
  -4.9039266587410063e-02
   6.4513327044690191e-02
  -7.5964895362937560e-02
   8.1769872472084532e-02
  -8.0934380445872964e-02
   7.3177965460796551e-02
  -5.8954535042700047e-02
   3.9404345938009740e-02
  -1.6239522852427083e-02
  -8.4267594561575863e-03
   3.2291169426634812e-02
  -5.3090640029293409e-02
   6.8829633870300111e-02
  -7.7981739685347509e-02
  -3.4946057455124899e-02
   6.8783436706580783e-02
  -9.3951738109318311e-02
   1.0209083340674005e-01
  -8.9406250614350119e-02
   5.7471707044570941e-02
  -1.2813186699401260e-02
  -3.4675141092852968e-02
   7.4127474019881998e-02
  -9.6348972234640562e-02
   9.6070823387665066e-02
  -7.3272710982015987e-02
   3.3249111307936577e-02
   1.4603364855142870e-02
  -5.8992774519786483e-02
   8.9407713967499344e-02
  -6.0451133196800476e-02
   1.0563946986431635e-01
  -1.1613710548881938e-01
   8.2503216804197782e-02
  -1.5858761595958653e-02
  -5.7057541250914140e-02
   1.0569021712569107e-01
  -1.0922422999565756e-01
   6.5960894568614120e-02
   5.6383245144162129e-03
  -7.4757841379327339e-02
   1.1151911284101568e-01
  -9.9967327892004534e-02
   4.5067135102181695e-02
   2.9383509375697194e-02
  -9.1052731371487700e-02
  -8.8160452598354769e-02
   1.2964853403575377e-01
  -9.5880295042787639e-02
   2.2007375580274718e-03
   9.2080759363748918e-02
  -1.2459876373261469e-01
   7.3346661109416803e-02
   2.7321821539081290e-02
  -1.0936053277116560e-01
   1.1709292222089542e-01
  -4.5209268706860331e-02
  -5.7413017824322815e-02
   1.2087786583227123e-01
  -1.0190589039286752e-01
   1.3417459340182784e-02
   8.4210730956607915e-02
  -1.1454017739593687e-01
   1.3131010697797266e-01
  -3.3670388625369641e-02
  -9.3279527802806753e-02
   1.3049845699130000e-01
  -4.2402457350863745e-02
  -8.6310156791741879e-02
   1.3135075912624630e-01
  -4.9112242091834686e-02
  -8.0684481966396424e-02
   1.3207039741446636e-01
  -5.5132980483222474e-02
  -7.5360755463744350e-02
   1.3253796652320504e-01
  -6.0787184256027971e-02
  -7.0089457031965993e-02
  -1.3622607067997694e-01
   1.0698897241670557e-01
   4.8827950643237854e-02
  -1.3997424816292481e-01
   5.1461318571803687e-02
   1.0277114494247885e-01
  -1.2406971588107063e-01
  -1.4911054883736343e-02
   1.3443798843769100e-01
  -7.9897068195683277e-02
  -7.8049620232798517e-02
   1.3482775020244020e-01
  -1.6903435695058748e-02
  -1.2288939850973665e-01
   1.0336896021965036e-01
   5.0144839446654266e-02
  -1.5045251441900021e-01
   6.0046014164768416e-02
   1.1831867517492121e-01
  -1.0211188394774998e-01
  -8.0241626625535870e-02
   1.3057346601862707e-01
   3.3040012467893669e-02
  -1.4219833633975815e-01
   1.7999004606001075e-02
   1.3562217663029541e-01
  -6.6551040062433439e-02
  -1.1173558318574529e-01
   1.0650020049062840e-01
   7.3610955646923090e-02
  -1.3279451919804114e-01
  -2.6122921010066281e-02
  -1.5540520194792545e-01
   5.5881714609021585e-17
   1.4536825545288778e-01
  -1.0266126505795142e-16
  -1.4406447794662505e-01
   1.4899971385134443e-16
   1.4365462084884920e-01
  -1.9520362344202519e-16
  -1.4347494020210821e-01
   2.4134908986590768e-16
   1.4338051772383092e-01
  -2.8746396935390385e-16
  -1.4332484677716864e-01
   3.3356085435428396e-16
   1.4328929553098682e-01
  -3.7964626322560811e-16
  -1.5045251441900040e-01
  -6.0046014164768444e-02
   1.1831867517492137e-01
   1.0211188394775005e-01
  -8.0241626625536092e-02
  -1.3057346601862724e-01
   3.3040012467893842e-02
   1.4219833633975840e-01
   1.7999004606000950e-02
  -1.3562217663029580e-01
  -6.6551040062433384e-02
   1.1173558318574564e-01
   1.0650020049062847e-01
  -7.3610955646923493e-02
  -1.3279451919804136e-01
   2.6122921010066569e-02
  -1.3622607067997686e-01
  -1.0698897241670545e-01
   4.8827950643237875e-02
   1.3997424816292467e-01
   5.1461318571803590e-02
  -1.0277114494247883e-01
  -1.2406971588107045e-01
   1.4911054883736462e-02
   1.3443798843769086e-01
   7.9897068195683041e-02
  -7.8049620232798572e-02
  -1.3482775020244001e-01
  -1.6903435695058529e-02
   1.2288939850973658e-01
   1.0336896021965007e-01
  -5.0144839446654509e-02
  -1.1454017739593705e-01
  -1.3131010697797285e-01
  -3.3670388625369696e-02
   9.3279527802806905e-02
   1.3049845699130019e-01
   4.2402457350863815e-02
  -8.6310156791742018e-02
  -1.3135075912624652e-01
  -4.9112242091834769e-02
   8.0684481966396562e-02
   1.3207039741446658e-01
   5.5132980483222564e-02
  -7.5360755463744475e-02
  -1.3253796652320526e-01
  -6.0787184256028068e-02
   7.0089457031966104e-02
  -8.8160452598354797e-02
  -1.2964853403575383e-01
  -9.5880295042787597e-02
  -2.2007375580273525e-03
   9.2080759363749001e-02
   1.2459876373261475e-01
   7.3346661109416705e-02
  -2.7321821539081529e-02
  -1.0936053277116575e-01
  -1.1709292222089536e-01
  -4.5209268706860102e-02
   5.7413017824323134e-02
   1.2087786583227129e-01
   1.0190589039286727e-01
   1.3417459340182441e-02
  -8.4210730956608110e-02
  -6.0451133196800372e-02
  -1.0563946986431622e-01
  -1.1613710548881941e-01
  -8.2503216804198004e-02
  -1.5858761595959059e-02
   5.7057541250913668e-02
   1.0569021712569079e-01
   1.0922422999565766e-01
   6.5960894568614620e-02
  -5.6383245144154192e-03
  -7.4757841379326576e-02
  -1.1151911284101546e-01
  -9.9967327892005076e-02
  -4.5067135102182652e-02
   2.9383509375696063e-02
   9.1052731371486922e-02
  -3.4946057455125183e-02
  -6.8783436706581325e-02
  -9.3951738109319033e-02
  -1.0209083340674077e-01
  -8.9406250614350688e-02
  -5.7471707044571184e-02
  -1.2813186699401045e-02
   3.4675141092853530e-02
   7.4127474019882775e-02
   9.6348972234641367e-02
   9.6070823387665649e-02
   7.3272710982016112e-02
   3.3249111307936299e-02
  -1.4603364855143568e-02
  -5.8992774519787322e-02
  -8.9407713967500219e-02
  -1.4898089487420779e-02
  -3.1669987539126310e-02
  -4.9039266587410521e-02
  -6.4513327044690857e-02
  -7.5964895362938517e-02
  -8.1769872472085670e-02
  -8.0934380445874310e-02
  -7.3177965460798022e-02
  -5.8954535042701664e-02
  -3.9404345938011412e-02
  -1.6239522852428644e-02
   8.4267594561562385e-03
   3.2291169426633841e-02
   5.3090640029292854e-02
   6.8829633870300153e-02
   7.7981739685348203e-02
  -2.8644173692945855e-03
  -6.3446675719144672e-03
  -1.0466336033850807e-02
  -1.5030974410945936e-02
  -1.9867875298006273e-02
  -2.4821525343878097e-02
  -2.9746528527440821e-02
  -3.4506090335936483e-02
  -3.8972149842551422e-02
  -4.3026298395124576e-02
  -4.6561055188690088e-02
  -4.9481260891514250e-02
  -5.1705443269842145e-02
  -5.3167058350479975e-02
  -5.3815539928041847e-02
  -5.3617109383305779e-02
   4.3864214613952441e-04
  -1.1496005138940345e-03
   2.2293656281224075e-03
  -3.7055002502208098e-03
   5.5888546899608132e-03
  -7.8755582451359874e-03
   1.0548008980351848e-02
  -1.3575758113929226e-02
   1.6916476393770627e-02
  -2.0517063733736175e-02
   2.4314920799607436e-02
  -2.8239380759317999e-02
   3.2213287335955812e-02
  -3.6154697296945981e-02
   3.9978679890333303e-02
   5.1666536836614731e-03
  -1.2995430886419541e-02
   2.3833120397556962e-02
  -3.6880460717190949e-02
   5.0913489268804651e-02
  -6.4439863460611133e-02
   7.5872053211656854e-02
  -8.3710403681597712e-02
   8.6719162394301150e-02
  -8.4077592799424672e-02
   7.5490209280090495e-02
  -6.1244018833874446e-02
   4.2205888234146088e-02
  -1.9759192602394754e-02
  -4.3148895746909464e-03
   1.8540317507504057e-02
  -4.3178432255024629e-02
   7.1029385578213963e-02
  -9.4835953557366112e-02
   1.0731338164769591e-01
  -1.0324917704434484e-01
   8.1085587268160952e-02
  -4.3607599934402275e-02
  -2.4568023121018631e-03
   4.7854140515721941e-02
  -8.2916490326408715e-02
   9.9862670269387291e-02
  -9.4727786692977670e-02
   6.8438061098476999e-02
  -2.6746347561253318e-02
   4.2166337079098871e-02
  -8.7186985215788312e-02
   1.1960630834254357e-01
  -1.2033554918351248e-01
   8.2353456071776771e-02
  -1.5478555736785318e-02
  -5.6619749301193754e-02
   1.0600534346408241e-01
  -1.1253549260363196e-01
   7.3045647699996025e-02
  -3.4433380097332370e-03
  -6.7458296162074327e-02
   1.0990186036673592e-01
  -1.0585750856565571e-01
   5.6895779555108182e-02
   7.4250563354956722e-02
  -1.2919852938917523e-01
   1.3038819017504674e-01
  -6.3759980722309553e-02
  -3.8303127076980428e-02
   1.1522544962959276e-01
  -1.1829237034593854e-01
   4.4863971647848402e-02
   5.7594484889648759e-02
  -1.2167328659963020e-01
   1.0472390635056726e-01
  -1.7871719857284505e-02
  -8.0824263144853054e-02
   1.2505898681850949e-01
  -8.4973509069324452e-02
   1.0994875737689899e-01
  -1.4914017453216297e-01
   7.9979767021707809e-02
   5.2294848099393762e-02
  -1.3454616054633484e-01
   9.2098045055518371e-02
   3.5904186617543389e-02
  -1.2919934854862081e-01
   9.9302447446533382e-02
   2.5320958526587400e-02
  -1.2535786193957052e-01
   1.0472118229686836e-01
   1.6739165255936241e-02
  -1.2189850711845564e-01
   1.0919701349761968e-01
   1.4260178070920765e-01
  -1.3251582750989205e-01
  -1.6851595224686405e-02
   1.3842410924764320e-01
  -8.6370735088849848e-02
  -7.3160917116046123e-02
   1.3851077956527857e-01
  -2.6955600194694052e-02
  -1.1857115785663014e-01
   1.1148069547020753e-01
   3.8915292176980414e-02
  -1.3890563078675122e-01
   5.9669983938040579e-02
   9.6460815109316311e-02
  -1.2787122559314190e-01
   1.6551002360727415e-01
  -7.8157930711603110e-02
  -1.1137252428623591e-01
   1.1722343696599245e-01
   6.4204407423350693e-02
  -1.3928845244702975e-01
  -1.2332238311020887e-02
   1.4288916765934936e-01
  -3.9718164132285010e-02
  -1.2800271985802258e-01
   8.5917548894724263e-02
   9.6733089868046060e-02
  -1.2064943315964008e-01
  -5.3179538469544381e-02
   1.3964968718280446e-01
   1.7374829780632201e-01
  -7.3924559845678081e-17
  -1.5047043976457888e-01
   1.2259001390014361e-16
   1.4649954298521095e-01
  -1.6976011038914030e-16
  -1.4508405526814847e-01
   2.1643951760009152e-16
   1.4441576956290431e-01
  -2.6289419057616399e-16
  -1.4404689087728684e-01
   3.0922664429215014e-16
   1.4382164149651583e-01
  -3.5548509400231127e-16
  -1.4367396547287439e-01
   1.6551002360727435e-01
   7.8157930711603193e-02
  -1.1137252428623613e-01
  -1.1722343696599255e-01
   6.4204407423350915e-02
   1.3928845244702989e-01
  -1.2332238311021067e-02
  -1.4288916765934964e-01
  -3.9718164132284912e-02
   1.2800271985802295e-01
   8.5917548894724208e-02
  -9.6733089868046518e-02
  -1.2064943315964019e-01
   5.3179538469544825e-02
   1.3964968718280468e-01
   1.4260178070920754e-01
   1.3251582750989191e-01
  -1.6851595224686426e-02
  -1.3842410924764309e-01
  -8.6370735088849696e-02
   7.3160917116046151e-02
   1.3851077956527844e-01
   2.6955600194693886e-02
  -1.1857115785663006e-01
  -1.1148069547020738e-01
   3.8915292176980504e-02
   1.3890563078675111e-01
   5.9669983938040266e-02
  -9.6460815109316339e-02
  -1.2787122559314160e-01
   1.0994875737689916e-01
   1.4914017453216322e-01
   7.9979767021707948e-02
  -5.2294848099393845e-02
  -1.3454616054633506e-01
  -9.2098045055518524e-02
   3.5904186617543445e-02
   1.2919934854862103e-01
   9.9302447446533548e-02
  -2.5320958526587441e-02
  -1.2535786193957071e-01
  -1.0472118229686853e-01
   1.6739165255936269e-02
   1.2189850711845583e-01
   1.0919701349761986e-01
   7.4250563354956792e-02
   1.2919852938917528e-01
   1.3038819017504677e-01
   6.3759980722309484e-02
  -3.8303127076980595e-02
  -1.1522544962959280e-01
  -1.1829237034593845e-01
  -4.4863971647848264e-02
   5.7594484889648967e-02
   1.2167328659963024e-01
   1.0472390635056715e-01
   1.7871719857284175e-02
  -8.0824263144853359e-02
  -1.2505898681850949e-01
  -8.4973509069324091e-02
   4.2166337079098760e-02
   8.7186985215788132e-02
   1.1960630834254343e-01
   1.2033554918351252e-01
   8.2353456071777117e-02
   1.5478555736785863e-02
  -5.6619749301193151e-02
  -1.0600534346408202e-01
  -1.1253549260363206e-01
  -7.3045647699996635e-02
  -3.4433380097341659e-03
   6.7458296162073536e-02
   1.0990186036673552e-01
   1.0585750856565596e-01
   5.6895779555109265e-02
   1.8540317507504220e-02
   4.3178432255024997e-02
   7.1029385578214560e-02
   9.4835953557366875e-02
   1.0731338164769676e-01
   1.0324917704434546e-01
   8.1085587268161299e-02
   4.3607599934402289e-02
  -2.4568023121023012e-03
  -4.7854140515722669e-02
  -8.2916490326409492e-02
  -9.9862670269388040e-02
  -9.4727786692978003e-02
  -6.8438061098477040e-02
  -2.6746347561252902e-02
   5.1666536836614905e-03
   1.2995430886419593e-02
   2.3833120397557073e-02
   3.6880460717191164e-02
   5.0913489268804984e-02
   6.4439863460611632e-02
   7.5872053211657534e-02
   8.3710403681598669e-02
   8.6719162394302426e-02
   8.4077592799426212e-02
   7.5490209280092244e-02
   6.1244018833876313e-02
   4.2205888234148115e-02
   1.9759192602396787e-02
  -4.3148895746890998e-03
   4.3864214613951959e-04
   1.1496005138940224e-03
   2.2293656281223845e-03
   3.7055002502207725e-03
   5.5888546899607585e-03
   7.8755582451359128e-03
   1.0548008980351757e-02
   1.3575758113929116e-02
   1.6916476393770495e-02
   2.0517063733736043e-02
   2.4314920799607277e-02
   2.8239380759317888e-02
   3.2213287335955722e-02
   3.6154697296945926e-02
   3.9978679890333352e-02
  -6.4893740124128533e-05
   1.9284644240516672e-04
  -4.2137148241645929e-04
   7.8217312646015229e-04
  -1.3064502696327907e-03
   2.0237763081031356e-03
  -2.9609432927752478e-03
   4.1408747273156202e-03
  -5.5816366196502643e-03
   7.2955675923472678e-03
  -9.2885463015300665e-03
   1.1559412253397090e-02
  -1.4099553544584533e-02
   1.6892672035799604e-02
  -1.7310376504927995e-03
   4.9369653647508690e-03
  -1.0239514154158759e-02
   1.7834961980970877e-02
  -2.7612381494560630e-02
   3.9129998274063070e-02
  -5.1629824399725868e-02
   6.4092837780474976e-02
  -7.5330269674408146e-02
   8.4102132829981940e-02
  -8.9250768793767768e-02
   8.9835119757983292e-02
  -8.5250856400262087e-02
   7.5322503947502756e-02
  -9.5028644887710893e-03
   2.5094380186734280e-02
  -4.7066474005600281e-02
   7.2128181658744406e-02
  -9.5026506942970573e-02
   1.0976783655632731e-01
  -1.1117550866369381e-01
   9.6396838420051756e-02
  -6.5951529951634266e-02
   2.4009921324282181e-02
   2.2227799308137446e-02
  -6.3956479268326857e-02
   9.2690904170598790e-02
  -1.0224547664552799e-01
  -2.8414871363598874e-02
   6.6619859668736167e-02
  -1.0594807686391758e-01
   1.2891739528844579e-01
  -1.2080470577683422e-01
   7.7564400051792132e-02
  -9.5597911233518146e-03
  -6.1037842845402215e-02
   1.0854134380812780e-01
  -1.1440497050323060e-01
   7.5618701468640165e-02
  -6.9518616870772971e-03
  -6.4307596472196166e-02
   1.0921430641430840e-01
  -6.0414903119144291e-02
   1.1919941810499510e-01
  -1.4490926997689016e-01
   1.0904499670307670e-01
  -1.9317666491779434e-02
  -7.8986601169116391e-02
   1.2902855518398540e-01
  -9.9600958705635512e-02
   8.0676144879897067e-03
   8.8034055776421510e-02
  -1.2694820005661034e-01
   8.3138407678067225e-02
   1.5018263155884252e-02
  -1.0303605114829850e-01
  -1.0196266725423361e-01
   1.5682588391202845e-01
  -1.1545732457971496e-01
  -8.8660209997870141e-03
   1.2080637699360061e-01
  -1.2471625709720204e-01
   1.6596789217677262e-02
   1.0547993551786521e-01
  -1.2876231078347508e-01
   3.1415225947073584e-02
   9.5066860229684844e-02
  -1.3103170474717465e-01
   4.2270609396086976e-02
   8.6606662655133004e-02
  -1.4421421016981836e-01
   1.5195783405915972e-01
  -1.3186107420056527e-02
  -1.2993058096811638e-01
   1.1341179525727643e-01
   4.0939506046502865e-02
  -1.4201486621168746e-01
   6.3972628605768481e-02
   9.4181300726496373e-02
  -1.3184581834670972e-01
   1.3833053076925399e-03
   1.3035715488036842e-01
  -9.4786622187830211e-02
  -6.2285031864859300e-02
  -1.7590068849033505e-01
   9.4186471229260618e-02
   1.0403282087945180e-01
  -1.2987219739872280e-01
  -4.8629076162819314e-02
   1.4534255747954913e-01
  -7.1103042638253075e-03
  -1.4103162467816599e-01
   5.9324994513497389e-02
   1.1830568699092482e-01
  -1.0241298597611447e-01
  -8.0458275939806354e-02
   1.3140223276587601e-01
   3.2531424732812134e-02
  -1.8766961081208669e-01
   9.0538725540874809e-17
   1.5560742090392915e-01
  -1.4135353994507630e-16
  -1.4929026123135006e-01
   1.8954434098358597e-16
   1.4685128309051915e-01
  -2.3683749411128516e-16
  -1.4563861755004689e-01
   2.8370610881439623e-16
   1.4494438797709849e-01
  -3.3033796858542496e-16
  -1.4450880088652016e-01
   3.7682357527387725e-16
  -1.7590068849033527e-01
  -9.4186471229260688e-02
   1.0403282087945204e-01
   1.2987219739872297e-01
  -4.8629076162819508e-02
  -1.4534255747954933e-01
  -7.1103042638251636e-03
   1.4103162467816638e-01
   5.9324994513497292e-02
  -1.1830568699092521e-01
  -1.0241298597611449e-01
   8.0458275939806770e-02
   1.3140223276587620e-01
  -3.2531424732812432e-02
  -1.4421421016981825e-01
  -1.5195783405915964e-01
  -1.3186107420056452e-02
   1.2993058096811630e-01
   1.1341179525727622e-01
  -4.0939506046502948e-02
  -1.4201486621168730e-01
  -6.3972628605768217e-02
   9.4181300726496386e-02
   1.3184581834670953e-01
   1.3833053076923391e-03
  -1.3035715488036834e-01
  -9.4786622187829905e-02
   6.2285031864859529e-02
  -1.0196266725423378e-01
  -1.5682588391202870e-01
  -1.1545732457971514e-01
   8.8660209997870280e-03
   1.2080637699360081e-01
   1.2471625709720224e-01
   1.6596789217677287e-02
  -1.0547993551786537e-01
  -1.2876231078347530e-01
  -3.1415225947073640e-02
   9.5066860229684996e-02
   1.3103170474717488e-01
   4.2270609396087039e-02
  -8.6606662655133143e-02
  -6.0414903119144332e-02
  -1.1919941810499522e-01
  -1.4490926997689019e-01
  -1.0904499670307669e-01
  -1.9317666491779316e-02
   7.8986601169116571e-02
   1.2902855518398548e-01
   9.9600958705635387e-02
   8.0676144879894794e-03
  -8.8034055776421774e-02
  -1.2694820005661031e-01
  -8.3138407678066933e-02
   1.5018263155884594e-02
   1.0303605114829864e-01
  -2.8414871363598777e-02
  -6.6619859668735959e-02
  -1.0594807686391737e-01
  -1.2891739528844567e-01
  -1.2080470577683435e-01
  -7.7564400051792562e-02
  -9.5597911233524496e-03
   6.1037842845401528e-02
   1.0854134380812733e-01
   1.1440497050323072e-01
   7.5618701468640970e-02
   6.9518616870783553e-03
  -6.4307596472195153e-02
  -1.0921430641430799e-01
  -9.5028644887711795e-03
  -2.5094380186734516e-02
  -4.7066474005600704e-02
  -7.2128181658745044e-02
  -9.5026506942971350e-02
  -1.0976783655632813e-01
  -1.1117550866369458e-01
  -9.6396838420052242e-02
  -6.5951529951634419e-02
  -2.4009921324281893e-02
   2.2227799308138094e-02
   6.3956479268327676e-02
   9.2690904170599636e-02
   1.0224547664552869e-01
  -1.7310376504927974e-03
  -4.9369653647508673e-03
  -1.0239514154158760e-02
  -1.7834961980970895e-02
  -2.7612381494560662e-02
  -3.9129998274063167e-02
  -5.1629824399726063e-02
  -6.4092837780475309e-02
  -7.5330269674408701e-02
  -8.4102132829982718e-02
  -8.9250768793768809e-02
  -8.9835119757984666e-02
  -8.5250856400263822e-02
  -7.5322503947504865e-02
  -6.4893740124127042e-05
  -1.9284644240516233e-04
  -4.2137148241644986e-04
  -7.8217312646013473e-04
  -1.3064502696327619e-03
  -2.0237763081030927e-03
  -2.9609432927751858e-03
  -4.1408747273155343e-03
  -5.5816366196501533e-03
  -7.2955675923471212e-03
  -9.2885463015298982e-03
  -1.1559412253396887e-02
  -1.4099553544584300e-02
  -1.6892672035799364e-02
   9.4275342571115780e-06
  -3.0972911619160274e-05
   7.4438707265250063e-05
  -1.5108767541037246e-04
   2.7437686517094818e-04
  -4.5974539845186364e-04
   7.2429240359222721e-04
  -1.0863657356403914e-03
   1.5650738936180790e-03
  -2.1797340289904988e-03
   2.9492702660144799e-03
  -3.8915778325180222e-03
   5.0228695303199834e-03
   5.6951680331476914e-04
  -1.7957058461782296e-03
   4.1056279969353118e-03
  -7.8554870013046903e-03
   1.3320074242177925e-02
  -2.0630766464586777e-02
   2.9722966550993844e-02
  -4.0301887369932864e-02
   5.1833137064291955e-02
  -6.3561841526218105e-02
   7.4560821461559360e-02
  -8.3804920212707593e-02
   9.0265323630821959e-02
   4.7829382244489295e-03
  -1.3963419853781097e-02
   2.9009769687698441e-02
  -4.9379348367032033e-02
   7.2676961827071701e-02
  -9.4850012221187455e-02
   1.1090803959502361e-01
  -1.1604321632192244e-01
   1.0689512111411081e-01
  -8.2635624943363781e-02
   4.5565229664868784e-02
  -1.0111731902175067e-03
  -4.3520907438363642e-02
   1.8803053373078617e-02
  -4.8737302232055593e-02
   8.6688204380241468e-02
  -1.2037952325312064e-01
   1.3464402016237029e-01
  -1.1814241462153606e-01
   6.9588034003946350e-02
  -3.7869096843436443e-04
  -6.8140449756842095e-02
   1.1222836170037627e-01
  -1.1526782786129537e-01
   7.5232005738295679e-02
  -6.6418830234684367e-03
   4.8271553985617228e-02
  -1.0529225330267485e-01
   1.4624694694870172e-01
  -1.3808592558066562e-01
   7.0650632012263334e-02
   2.9971739434930832e-02
  -1.1203490744792190e-01
   1.2853585253124217e-01
  -6.8454434194056737e-02
  -3.2818100411124658e-02
   1.1298956034186147e-01
  -1.2148377011304459e-01
   5.2475611168259384e-02
   9.2852781162971298e-02
  -1.5788706826631199e-01
   1.4158834537708265e-01
  -3.2925029407526125e-02
  -9.5343439162201504e-02
   1.4080945767517122e-01
  -6.4121559026352803e-02
  -6.8060332387496716e-02
   1.3732251216779814e-01
  -8.0429533588011956e-02
  -5.0354494224314011e-02
   1.3352200166455805e-01
  -9.1205865099258432e-02
   1.4321682094039689e-01
  -1.6683384383296412e-01
   4.1221184436374590e-02
   1.1647264803651304e-01
  -1.3337529446940163e-01
  -8.2196222730819384e-03
   1.3669206067900203e-01
  -9.4882453751795562e-02
  -6.4447544216366462e-02
   1.4157444821053378e-01
  -3.9715812975813981e-02
  -1.1185090885861886e-01
   1.2064399318634397e-01
   1.8357504546497619e-01
  -1.0867001299325486e-01
  -9.6139355629401985e-02
   1.4050294595607998e-01
   3.3356162505494960e-02
  -1.4915933491733052e-01
   2.5410506575446561e-02
   1.3705800235064669e-01
  -7.6959088034229947e-02
  -1.0697427115790602e-01
   1.1624053324671701e-01
   6.3346175095787050e-02
  -1.3905601515638955e-01
   1.9905368164180010e-01
  -1.0616606628781182e-16
  -1.6048220871439553e-01
   1.5924909943171778e-16
   1.5216544089364131e-01
  -2.0856633787538417e-16
  -1.4877098918418383e-01
   2.5655845976102396e-16
   1.4701724236821748e-01
  -3.0391003062576010e-16
  -1.4598449431294208e-01
   3.5089799738552170e-16
   1.4532228669078928e-01
   1.8357504546497647e-01
   1.0867001299325496e-01
  -9.6139355629402248e-02
  -1.4050294595608012e-01
   3.3356162505495154e-02
   1.4915933491733080e-01
   2.5410506575446419e-02
  -1.3705800235064708e-01
  -7.6959088034229878e-02
   1.0697427115790648e-01
   1.1624053324671711e-01
  -6.3346175095787507e-02
  -1.3905601515638977e-01
   1.4321682094039681e-01
   1.6683384383296396e-01
   4.1221184436374479e-02
  -1.1647264803651299e-01
  -1.3337529446940150e-01
   8.2196222730820702e-03
   1.3669206067900189e-01
   9.4882453751795423e-02
  -6.4447544216366517e-02
  -1.4157444821053361e-01
  -3.9715812975813690e-02
   1.1185090885861884e-01
   1.2064399318634363e-01
   9.2852781162971451e-02
   1.5788706826631224e-01
   1.4158834537708290e-01
   3.2925029407526174e-02
  -9.5343439162201671e-02
  -1.4080945767517147e-01
  -6.4121559026352901e-02
   6.8060332387496827e-02
   1.3732251216779837e-01
   8.0429533588012095e-02
  -5.0354494224314095e-02
  -1.3352200166455827e-01
  -9.1205865099258585e-02
   4.8271553985617284e-02
   1.0529225330267494e-01
   1.4624694694870180e-01
   1.3808592558066560e-01
   7.0650632012263140e-02
  -2.9971739434930998e-02
  -1.1203490744792202e-01
  -1.2853585253124211e-01
  -6.8454434194056502e-02
   3.2818100411124977e-02
   1.1298956034186165e-01
   1.2148377011304447e-01
   5.2475611168258982e-02
   1.8803053373078533e-02
   4.8737302232055413e-02
   8.6688204380241204e-02
   1.2037952325312039e-01
   1.3464402016237018e-01
   1.1814241462153621e-01
   6.9588034003946947e-02
   3.7869096843522383e-04
  -6.8140449756841331e-02
  -1.1222836170037596e-01
  -1.1526782786129554e-01
  -7.5232005738296373e-02
  -6.6418830234696519e-03
   4.7829382244489790e-03
   1.3963419853781241e-02
   2.9009769687698726e-02
   4.9379348367032491e-02
   7.2676961827072339e-02
   9.4850012221188273e-02
   1.1090803959502450e-01
   1.1604321632192328e-01
   1.0689512111411133e-01
   8.2635624943363989e-02
   4.5565229664868492e-02
   1.0111731902169930e-03
  -4.3520907438364446e-02
   5.6951680331476611e-04
   1.7957058461782202e-03
   4.1056279969352927e-03
   7.8554870013046573e-03
   1.3320074242177876e-02
   2.0630766464586732e-02
   2.9722966550993806e-02
   4.0301887369932871e-02
   5.1833137064292004e-02
   6.3561841526218271e-02
   7.4560821461559748e-02
   8.3804920212708189e-02
   9.0265323630822930e-02
   9.4275342571112476e-06
   3.0972911619159197e-05
   7.4438707265247488e-05
   1.5108767541036731e-04
   2.7437686517093880e-04
   4.5974539845184824e-04
   7.2429240359220303e-04
   1.0863657356403561e-03
   1.5650738936180270e-03
   2.1797340289904303e-03
   2.9492702660143888e-03
   3.8915778325179038e-03
   5.0228695303198428e-03
  -1.3542957465347890e-06
   4.8369629647481837e-06
  -1.2586860653750351e-05
   2.7542704230155715e-05
  -5.3702261047897493e-05
   9.6245774325588496e-05
  -1.6162443428900753e-04
   2.5760889942714853e-04
  -3.9329267142387071e-04
   5.7904620502595959e-04
  -8.2641896983756691e-04
   1.1479881425914623e-03
  -1.8527919360736056e-04
   6.3508322244780436e-04
  -1.5744992326116628e-03
   3.2577628631367157e-03
  -5.9592404545516821e-03
   9.9383650234056674e-03
  -1.5397385441387275e-02
   2.2437051753804824e-02
  -3.1016059560420643e-02
   4.0920257530823977e-02
  -5.1747075127806609e-02
   6.2909356365841940e-02
  -2.3804282101099607e-03
   7.5548778508967651e-03
  -1.7073805713254717e-02
   3.1652609509191611e-02
  -5.0877932164009522e-02
   7.2897666424666552e-02
  -9.4452371696961412e-02
   1.1131786415025616e-01
  -1.1911664494678409e-01
   1.1434406918033320e-01
  -9.5372819640749756e-02
   6.3171673123524910e-02
  -1.2303570005492481e-02
   3.4668861928120902e-02
  -6.7503529488686403e-02
   1.0379622945180170e-01
  -1.3141545824556713e-01
   1.3720072718057280e-01
  -1.1270955311323011e-01
   5.9167837632213199e-02
   1.0898649952416272e-02
  -7.6704762336891691e-02
   1.1629539247473664e-01
  -1.1512719143734841e-01
  -3.8138056532150806e-02
   9.0435518214913177e-02
  -1.3938427476093135e-01
   1.5327454051934081e-01
  -1.1118199780119020e-01
   2.1451293635979300e-02
   7.6477985862465542e-02
  -1.3158404198849050e-01
   1.1203619390911818e-01
  -2.7618814678721033e-02
  -7.2493986958479514e-02
   1.2774670056408316e-01
  -8.3612022066778133e-02
   1.5455950003989985e-01
  -1.5977104515829327e-01
   7.0804591676626588e-02
   6.2879469953840098e-02
  -1.4235684875025653e-01
   1.0255941416299627e-01
   2.3926276189497227e-02
  -1.2757331566885810e-01
   1.1631046589999258e-01
  -2.8257541023849795e-05
  -1.1541734254105412e-01
  -1.4063715880055633e-01
   1.7810066637368024e-01
  -6.7124639455810292e-02
  -9.9483086745172353e-02
   1.4696217751678961e-01
  -2.3514298486739367e-02
  -1.2439302052947634e-01
   1.1908339958896495e-01
   3.1964110956690328e-02
  -1.4172012619845203e-01
   7.3863705272472893e-02
   8.6073553828327459e-02
  -1.8944355327331533e-01
   1.2191334265158076e-01
   8.7743867090137539e-02
  -1.4941029652397833e-01
  -1.8365863005819993e-02
   1.5105324997504710e-01
  -4.2613374701699722e-02
  -1.3131212523054278e-01
   9.2714548709620537e-02
   9.4372394459431963e-02
  -1.2757235414029761e-01
  -4.5755630448099362e-02
  -2.0876926256676442e-01
   1.2104793976080908e-16
   1.6504659378617637e-01
  -1.7645617842885239e-16
  -1.5501582172410103e-01
   2.2696488705151714e-16
   1.5075029112228056e-01
  -2.7571277879508176e-16
  -1.4848013653221878e-01
   3.2359566804651846e-16
   1.4711277253853527e-01
  -3.7098099544062909e-16
  -1.8944355327331563e-01
  -1.2191334265158088e-01
   8.7743867090137775e-02
   1.4941029652397855e-01
  -1.8365863005820181e-02
  -1.5105324997504746e-01
  -4.2613374701699597e-02
   1.3131212523054317e-01
   9.2714548709620551e-02
  -9.4372394459432379e-02
  -1.2757235414029774e-01
   4.5755630448099681e-02
  -1.4063715880055624e-01
  -1.7810066637368005e-01
  -6.7124639455810167e-02
   9.9483086745172367e-02
   1.4696217751678944e-01
   2.3514298486739180e-02
  -1.2439302052947630e-01
  -1.1908339958896479e-01
   3.1964110956690488e-02
   1.4172012619845187e-01
   7.3863705272472616e-02
  -8.6073553828327612e-02
  -8.3612022066778272e-02
  -1.5455950003990010e-01
  -1.5977104515829355e-01
  -7.0804591676626699e-02
   6.2879469953840209e-02
   1.4235684875025675e-01
   1.0255941416299644e-01
  -2.3926276189497265e-02
  -1.2757331566885829e-01
  -1.1631046589999278e-01
  -2.8257541023849843e-05
   1.1541734254105432e-01
  -3.8138056532150848e-02
  -9.0435518214913288e-02
  -1.3938427476093140e-01
  -1.5327454051934078e-01
  -1.1118199780119016e-01
  -2.1451293635979116e-02
   7.6477985862465722e-02
   1.3158404198849066e-01
   1.1203619390911798e-01
   2.7618814678720668e-02
  -7.2493986958479778e-02
  -1.2774670056408310e-01
  -1.2303570005492415e-02
  -3.4668861928120728e-02
  -6.7503529488686112e-02
  -1.0379622945180135e-01
  -1.3141545824556686e-01
  -1.3720072718057280e-01
  -1.1270955311323043e-01
  -5.9167837632213914e-02
   1.0898649952415329e-02
   7.6704762336890844e-02
   1.1629539247473616e-01
   1.1512719143734876e-01
  -2.3804282101099875e-03
  -7.5548778508968484e-03
  -1.7073805713254894e-02
  -3.1652609509191930e-02
  -5.0877932164010022e-02
  -7.2897666424667260e-02
  -9.4452371696962231e-02
  -1.1131786415025699e-01
  -1.1911664494678488e-01
  -1.1434406918033371e-01
  -9.5372819640750145e-02
  -6.3171673123524896e-02
  -1.8527919360735869e-04
  -6.3508322244779818e-04
  -1.5744992326116479e-03
  -3.2577628631366867e-03
  -5.9592404545516344e-03
  -9.9383650234055980e-03
  -1.5397385441387176e-02
  -2.2437051753804706e-02
  -3.1016059560420504e-02
  -4.0920257530823873e-02
  -5.1747075127806554e-02
  -6.2909356365842023e-02
  -1.3542957465347255e-06
  -4.8369629647479575e-06
  -1.2586860653749766e-05
  -2.7542704230154438e-05
  -5.3702261047895033e-05
  -9.6245774325584091e-05
  -1.6162443428900024e-04
  -2.5760889942713671e-04
  -3.9329267142385337e-04
  -5.7904620502593433e-04
  -8.2641896983753113e-04
  -1.1479881425914148e-03
   1.9306947707222867e-07
  -7.4070763513665227e-07
   2.0638054288643144e-06
  -4.8195250104095956e-06
   9.9969271492015075e-06
  -1.9004563484132038e-05
   3.3761131903516624e-05
  -5.6785829833104568e-05
   9.1284526965490953e-05
  -1.4122762842614335e-04
   2.1141539194747725e-04
   5.9817942650061043e-05
  -2.2024670166346540e-04
   5.8526760126516558e-04
  -1.2951410149675210e-03
   2.5288458103000532e-03
  -4.4943731719435378e-03
   7.4109624617724485e-03
  -1.1483982841281937e-02
   1.6874304595231534e-02
  -2.3665101800431458e-02
   3.1829884780142807e-02
   1.1757097389578669e-03
  -4.0081727177923611e-03
   9.7311623237284588e-03
  -1.9390458450780527e-02
   3.3548088803994111e-02
  -5.1881400254598135e-02
   7.2900982694078714e-02
  -9.3909762420642653e-02
   1.1127970758369121e-01
  -1.2104704470797835e-01
   1.1973812486653661e-01
   7.9894819713670750e-03
  -2.4182489903882495e-02
   5.0807992185325897e-02
  -8.4912274333427643e-02
   1.1834135098767282e-01
  -1.3939796879343605e-01
   1.3682121316696727e-01
  -1.0478787711258183e-01
   4.6809387100550152e-02
   2.3524698383763795e-02
  -8.5926724235784957e-02
   2.9902709846327744e-02
  -7.6166670846697399e-02
   1.2786972894509394e-01
  -1.5768634678112378e-01
   1.3976950225130477e-01
  -6.8578259969490782e-02
  -3.1223430083070641e-02
   1.1321720021068499e-01
  -1.3405816155212091e-01
   8.0667875830449931e-02
   1.8144671402189318e-02
   7.4718345577829984e-02
  -1.4836387856672362e-01
   1.7132848448475735e-01
  -1.0361734911120481e-01
  -2.7029861961142203e-02
   1.3195780425226142e-01
  -1.2993956591581168e-01
   2.1243431068415957e-02
   1.0350220450330257e-01
  -1.3667576972820100e-01
   4.8767383913289240e-02
   1.3705372678219374e-01
  -1.8643620889607238e-01
   9.0821419253042351e-02
   8.0051002389061252e-02
  -1.5484596324057215e-01
   5.3220779305775540e-02
   1.0675313398303682e-01
  -1.3643153626364549e-01
   1.1781997278003564e-03
   1.3360383109399371e-01
  -1.0235528824972731e-01
   1.9401295388069906e-01
  -1.3411460950470244e-01
  -7.8935479059468294e-02
   1.5680953341158113e-01
   3.6828820134337426e-03
  -1.5127324680824580e-01
   5.8734519031721562e-02
   1.2407842115059886e-01
  -1.0666614960656662e-01
  -8.0805843812733008e-02
   1.3656459370027899e-01
   2.1729393780942555e-01
  -1.3533571092073439e-16
  -1.6931407227275563e-01
   1.9309490774098379e-16
   1.5779546294395028e-01
  -2.4483720564541889e-16
  -1.5273988313166761e-01
   2.9438069142800867e-16
   1.4998481015984094e-01
  -3.4283029832905548e-16
  -1.4829442021621969e-01
   1.9401295388069945e-01
   1.3411460950470258e-01
  -7.8935479059468544e-02
  -1.5680953341158138e-01
   3.6828820134339542e-03
   1.5127324680824616e-01
   5.8734519031721465e-02
  -1.2407842115059932e-01
  -1.0666614960656665e-01
   8.0805843812733452e-02
   1.3656459370027918e-01
   1.3705372678219366e-01
   1.8643620889607218e-01
   9.0821419253042171e-02
  -8.0051002389061279e-02
  -1.5484596324057195e-01
  -5.3220779305775394e-02
   1.0675313398303680e-01
   1.3643153626364524e-01
   1.1781997278001149e-03
  -1.3360383109399357e-01
  -1.0235528824972695e-01
   7.4718345577830109e-02
   1.4836387856672387e-01
   1.7132848448475763e-01
   1.0361734911120497e-01
  -2.7029861961142248e-02
  -1.3195780425226164e-01
  -1.2993956591581188e-01
  -2.1243431068415992e-02
   1.0350220450330273e-01
   1.3667576972820122e-01
   4.8767383913289324e-02
   2.9902709846327785e-02
   7.6166670846697482e-02
   1.2786972894509405e-01
   1.5768634678112387e-01
   1.3976950225130472e-01
   6.8578259969490601e-02
  -3.1223430083070939e-02
  -1.1321720021068515e-01
  -1.3405816155212083e-01
  -8.0667875830449681e-02
   1.8144671402189692e-02
   7.9894819713670281e-03
   2.4182489903882352e-02
   5.0807992185325640e-02
   8.4912274333427268e-02
   1.1834135098767244e-01
   1.3939796879343580e-01
   1.3682121316696738e-01
   1.0478787711258251e-01
   4.6809387100551048e-02
  -2.3524698383762782e-02
  -8.5926724235784083e-02
   1.1757097389578806e-03
   4.0081727177924079e-03
   9.7311623237285646e-03
   1.9390458450780738e-02
   3.3548088803994472e-02
   5.1881400254598677e-02
   7.2900982694079394e-02
   9.3909762420643472e-02
   1.1127970758369200e-01
   1.2104704470797924e-01
   1.1973812486653732e-01
   5.9817942650060148e-05
   2.2024670166346215e-04
   5.8526760126515723e-04
   1.2951410149675041e-03
   2.5288458103000216e-03
   4.4943731719434832e-03
   7.4109624617723661e-03
   1.1483982841281817e-02
   1.6874304595231381e-02
   2.3665101800431264e-02
   3.1829884780142606e-02
   1.9306947707221726e-07
   7.4070763513660875e-07
   2.0638054288641932e-06
   4.8195250104093152e-06
   9.9969271492009265e-06
   1.9004563484130944e-05
   3.3761131903514658e-05
   5.6785829833101343e-05
   9.1284526965485817e-05
   1.4122762842613544e-04
   2.1141539194746570e-04
  -2.7372488670751268e-08
   1.1179601335476412e-07
  -3.3074398844371251e-07
   8.1796706963878759e-07
  -1.7923396388915305e-06
   3.5910100504132020e-06
  -6.7086974971475425e-06
   1.1842827722248099e-05
  -1.9943856618749145e-05
   3.2269798124002488e-05
  -1.9205996737727429e-05
   7.5282428991588484e-05
  -2.1258075667920963e-04
   4.9899429479554691e-04
  -1.0318223707159531e-03
   1.9393088092255477e-03
  -3.3779035021885753e-03
   5.5242692714879285e-03
  -8.5615810620670758e-03
   1.2660376907280498e-02
  -5.7749163992406704e-04
   2.0959013849409553e-03
  -5.4163647465973776e-03
   1.1490309125035996e-02
  -2.1180789667042638e-02
   3.4954227690197785e-02
  -5.2554057964596189e-02
   7.2750829480859619e-02
  -9.3266717739070817e-02
   1.1094774293721701e-01
  -5.1594885863025944e-03
   1.6625238385235750e-02
  -3.7303513373326047e-02
   6.6906527648714603e-02
  -1.0088662767148042e-01
   1.3042094318983788e-01
  -1.4448082389939271e-01
   1.3368322943431898e-01
  -9.4637047538669528e-02
   3.2924428282515489e-02
  -2.3316485728887584e-02
   6.3226093881588480e-02
  -1.1414214175152458e-01
   1.5430586169756746e-01
  -1.5714988566203542e-01
   1.0769919809112721e-01
  -1.6492937896567327e-02
  -7.9768998833233642e-02
   1.3471871149863801e-01
  -1.1850243219076360e-01
  -6.6402789864453568e-02
   1.4036734601173431e-01
  -1.7747081903193324e-01
   1.3091955134307848e-01
  -9.5108952128911579e-03
  -1.1236039350278734e-01
   1.4579364586565149e-01
  -6.3171955057020335e-02
  -6.9572304870629931e-02
   1.4143218559238202e-01
  -1.3282571835351534e-01
   1.9235364405680339e-01
  -1.1229576101110579e-01
  -5.9025139092951727e-02
   1.5768019890723603e-01
  -8.0185765234271497e-02
  -8.5211662683142203e-02
   1.4710346155142523e-01
  -3.3327391623426454e-02
  -1.1867207612856459e-01
  -1.9759783573498743e-01
   1.4541405194072785e-01
   6.9801437320646378e-02
  -1.6286807828246896e-01
   1.0655609888877288e-02
   1.5002475736613360e-01
  -7.3779635191619397e-02
  -1.1559831861988502e-01
   1.1888099520722865e-01
   6.6535400582232340e-02
  -2.2492059410424597e-01
   1.4913268997227891e-16
   1.7331295748153930e-01
  -2.0925128664159205e-16
  -1.6048594012118103e-01
   2.6225516395362608e-16
   1.5471276019918803e-01
  -3.1262311593979699e-16
  -1.5150516288223748e-01
   3.6166617846935392e-16
  -1.9759783573498785e-01
  -1.4541405194072804e-01
   6.9801437320646628e-02
   1.6286807828246930e-01
   1.0655609888877107e-02
  -1.5002475736613391e-01
  -7.3779635191619355e-02
   1.1559831861988545e-01
   1.1888099520722872e-01
  -6.6535400582232701e-02
  -1.3282571835351525e-01
  -1.9235364405680319e-01
  -1.1229576101110562e-01
   5.9025139092951782e-02
   1.5768019890723592e-01
   8.0185765234271345e-02
  -8.5211662683142259e-02
  -1.4710346155142495e-01
  -3.3327391623426211e-02
   1.1867207612856459e-01
  -6.6402789864453679e-02
  -1.4036734601173453e-01
  -1.7747081903193351e-01
  -1.3091955134307870e-01
  -9.5108952128911736e-03
   1.1236039350278752e-01
   1.4579364586565174e-01
   6.3171955057020432e-02
  -6.9572304870630042e-02
  -1.4143218559238227e-01
  -2.3316485728887611e-02
  -6.3226093881588549e-02
  -1.1414214175152469e-01
  -1.5430586169756755e-01
  -1.5714988566203539e-01
  -1.0769919809112709e-01
  -1.6492937896567059e-02
   7.9768998833233906e-02
   1.3471871149863812e-01
   1.1850243219076331e-01
  -5.1594885863025580e-03
  -1.6625238385235643e-02
  -3.7303513373325825e-02
  -6.6906527648714284e-02
  -1.0088662767147993e-01
  -1.3042094318983752e-01
  -1.4448082389939274e-01
  -1.3368322943431918e-01
  -9.4637047538670055e-02
  -3.2924428282516537e-02
  -5.7749163992407441e-04
  -2.0959013849409804e-03
  -5.4163647465974444e-03
  -1.1490309125036133e-02
  -2.1180789667042885e-02
  -3.4954227690198146e-02
  -5.2554057964596716e-02
  -7.2750829480860271e-02
  -9.3266717739071692e-02
  -1.1094774293721796e-01
  -1.9205996737727046e-05
  -7.5282428991587047e-05
  -2.1258075667920568e-04
  -4.9899429479553792e-04
  -1.0318223707159349e-03
  -1.9393088092255156e-03
  -3.3779035021885210e-03
  -5.5242692714878453e-03
  -8.5615810620669561e-03
  -1.2660376907280339e-02
  -2.7372488670749329e-08
  -1.1179601335475620e-07
  -3.3074398844368922e-07
  -8.1796706963873010e-07
  -1.7923396388914047e-06
  -3.5910100504129487e-06
  -6.7086974971470792e-06
  -1.1842827722247284e-05
  -1.9943856618747773e-05
  -3.2269798124000333e-05
   3.8645399992942156e-09
  -1.6686381888838983e-08
   5.2076563289286679e-08
  -1.3557380505573612e-07
   3.1207951103185326e-07
  -6.5559212203465151e-07
   1.2818880780331303e-06
  -2.3645030550839593e-06
   4.1542901607920530e-06
   6.1408018961776260e-06
  -2.5446859935165116e-05
   7.5848046044670812e-05
  -1.8764993462029437e-04
   4.0841121491760825e-04
  -8.0696872757055353e-04
   1.4761417646084922e-03
  -2.5331552801189120e-03
   4.1168596615483392e-03
   2.8247118057642085e-04
  -1.0838061921382314e-03
   2.9603103666033265e-03
  -6.6376627368308636e-03
   1.2937673502677164e-02
  -2.2597022356654704e-02
   3.6016888720844131e-02
  -5.2991639732399155e-02
   7.2487648233041879e-02
   3.3180089159507479e-03
  -1.1302931970363403e-02
   2.6873665366598284e-02
  -5.1253318137271596e-02
   8.2635747525778139e-02
  -1.1527077728880586e-01
   1.4002788817741582e-01
  -1.4675513478621408e-01
   1.2795474968272094e-01
   1.8104998735067390e-02
  -5.1902000376428420e-02
   9.9811258777794190e-02
  -1.4570191636763086e-01
   1.6497461909557867e-01
  -1.3730026284523472e-01
   6.1452272166033786e-02
   3.7710050221237107e-02
  -1.1727565329613387e-01
   5.8766288541948777e-02
  -1.3132891771123953e-01
   1.7927276181212731e-01
  -1.5271891778210953e-01
   4.4804290538522917e-02
   8.6189796764316554e-02
  -1.5066141141725417e-01
   9.8902193902901864e-02
   3.0127224596573028e-02
   1.2819065156346085e-01
  -1.9625780606808363e-01
   1.3157862739481624e-01
   3.7075385298319961e-02
  -1.5609349766569927e-01
   1.0394333560891364e-01
   6.1024468167967437e-02
  -1.5149682547356025e-01
   6.3213652211225421e-02
   2.0040866579001576e-01
  -1.5591684177331744e-01
  -6.0418372636013865e-02
   1.6772177698350924e-01
  -2.4611666919314105e-02
  -1.4748216969871908e-01
   8.7752736572058135e-02
   1.0608036238316222e-01
  -1.2942383800058008e-01
   2.3184284171712077e-01
  -1.6251358119188639e-16
  -1.7707289525039510e-01
   2.2498986526279950e-16
   1.6308156844029320e-01
  -2.7927404522631400e-16
  -1.5665402508951271e-01
   3.3048786156623704e-16
   1.5302481137285737e-01
   2.0040866579001618e-01
   1.5591684177331763e-01
  -6.0418372636014163e-02
  -1.6772177698350954e-01
  -2.4611666919313935e-02
   1.4748216969871950e-01
   8.7752736572058135e-02
  -1.0608036238316271e-01
  -1.2942383800058022e-01
   1.2819065156346077e-01
   1.9625780606808346e-01
   1.3157862739481599e-01
  -3.7075385298320045e-02
  -1.5609349766569910e-01
  -1.0394333560891339e-01
   6.1024468167967527e-02
   1.5149682547356003e-01
   6.3213652211225047e-02
   5.8766288541948875e-02
   1.3132891771123972e-01
   1.7927276181212759e-01
   1.5271891778210978e-01
   4.4804290538522987e-02
  -8.6189796764316692e-02
  -1.5066141141725442e-01
  -9.8902193902902016e-02
   3.0127224596573077e-02
   1.8104998735067421e-02
   5.1902000376428496e-02
   9.9811258777794301e-02
   1.4570191636763097e-01
   1.6497461909557878e-01
   1.3730026284523456e-01
   6.1452272166033481e-02
  -3.7710050221237412e-02
  -1.1727565329613397e-01
   3.3180089159507210e-03
   1.1302931970363316e-02
   2.6873665366598101e-02
   5.1253318137271263e-02
   8.2635747525777722e-02
   1.1527077728880554e-01
   1.4002788817741543e-01
   1.4675513478621388e-01
   1.2795474968272133e-01
   2.8247118057642454e-04
   1.0838061921382459e-03
   2.9603103666033656e-03
   6.6376627368309451e-03
   1.2937673502677315e-02
   2.2597022356654957e-02
   3.6016888720844506e-02
   5.2991639732399731e-02
   7.2487648233042601e-02
   6.1408018961774778e-06
   2.5446859935164513e-05
   7.5848046044669064e-05
   1.8764993462029012e-04
   4.0841121491759925e-04
   8.0696872757053608e-04
   1.4761417646084619e-03
   2.5331552801188622e-03
   4.1168596615482611e-03
   3.8645399992938946e-09
   1.6686381888837604e-08
   5.2076563289282371e-08
   1.3557380505572500e-07
   3.1207951103182747e-07
   6.5559212203459815e-07
   1.2818880780330268e-06
   2.3645030550837679e-06
   4.1542901607917235e-06
  -5.4382279469716569e-10
   2.4686221774089360e-09
  -8.0850201783901835e-09
   2.2049151007385065e-08
  -5.3079018984441630e-08
   1.1642263396817835e-07
  -2.3732687559939589e-07
   4.5574212216781110e-07
  -1.9569935853236746e-06
   8.5257258046703194e-06
  -2.6680873172198183e-05
   6.9217227488376848e-05
  -1.5778613979873827e-04
   3.2619787289359261e-04
  -6.2375008711744646e-04
   1.1180646039600966e-03
  -1.3771418210500915e-04
   5.5550631060185792e-04
  -1.5947290340259871e-03
   3.7578759128970396e-03
  -7.6992731776891442e-03
   1.4143582124234074e-02
  -2.3734513857312886e-02
   3.6826513889505696e-02
  -2.1267895606286408e-03
   7.6167715817218639e-03
  -1.9072079105900211e-02
   3.8407609623468196e-02
  -6.5647137298574271e-02
   9.7684544093974784e-02
  -1.2788737228545516e-01
   1.4712314804055263e-01
  -1.4012317917667751e-02
   4.2230714256559054e-02
  -8.5886517896359191e-02
   1.3393110129093189e-01
  -1.6521424317040045e-01
   1.5733938422910648e-01
  -1.0034739435855992e-01
   7.3134315544702653e-03
  -5.1837766200431373e-02
   1.2178988700661028e-01
  -1.7766726830225332e-01
   1.6930178894101611e-01
  -7.7521127560192735e-02
  -5.5801353054774031e-02
   1.4571355943980055e-01
  -1.2662700554698672e-01
  -1.2331236158957609e-01
   1.9847693591909366e-01
  -1.4873463266520520e-01
  -1.4733298985868878e-02
   1.5068313238029390e-01
  -1.2421793155618868e-01
  -3.5275759023190884e-02
   1.5015635834497007e-01
  -2.0259414431627484e-01
   1.6570524985388138e-01
   5.0851489463215188e-02
  -1.7148426606404224e-01
   3.8150840421067922e-02
   1.4379651872238292e-01
  -1.0065962639661635e-01
  -9.5706905596604372e-02
  -2.3819587666152320e-01
   1.7553472994571133e-16
   1.8062096640109954e-01
  -2.4036082804210913e-16
  -1.6558273980166582e-01
   2.9593768365561334e-16
   1.5855564304045058e-01
  -3.4801344249344114e-16
  -2.0259414431627526e-01
  -1.6570524985388160e-01
   5.0851489463215452e-02
   1.7148426606404255e-01
   3.8150840421067762e-02
  -1.4379651872238336e-01
  -1.0065962639661641e-01
   9.5706905596604774e-02
  -1.2331236158957601e-01
  -1.9847693591909346e-01
  -1.4873463266520501e-01
   1.4733298985868932e-02
   1.5068313238029379e-01
   1.2421793155618835e-01
  -3.5275759023191008e-02
  -1.5015635834496988e-01
  -5.1837766200431457e-02
  -1.2178988700661048e-01
  -1.7766726830225360e-01
  -1.6930178894101638e-01
  -7.7521127560192860e-02
   5.5801353054774121e-02
   1.4571355943980077e-01
   1.2662700554698691e-01
  -1.4012317917667777e-02
  -4.2230714256559131e-02
  -8.5886517896359288e-02
  -1.3393110129093208e-01
  -1.6521424317040051e-01
  -1.5733938422910640e-01
  -1.0034739435855972e-01
  -7.3134315544699071e-03
  -2.1267895606286221e-03
  -7.6167715817218005e-03
  -1.9072079105900062e-02
  -3.8407609623467925e-02
  -6.5647137298573924e-02
  -9.7684544093974299e-02
  -1.2788737228545466e-01
  -1.4712314804055238e-01
  -1.3771418210501105e-04
  -5.5550631060186562e-04
  -1.5947290340260079e-03
  -3.7578759128970873e-03
  -7.6992731776892405e-03
  -1.4143582124234236e-02
  -2.3734513857313171e-02
  -3.6826513889506113e-02
  -1.9569935853236178e-06
  -8.5257258046700771e-06
  -2.6680873172197438e-05
  -6.9217227488374924e-05
  -1.5778613979873404e-04
  -3.2619787289358404e-04
  -6.2375008711743063e-04
  -1.1180646039600692e-03
  -5.4382279469711410e-10
  -2.4686221774087028e-09
  -8.0850201783894192e-09
  -2.2049151007382974e-08
  -5.3079018984436654e-08
  -1.1642263396816749e-07
  -2.3732687559937374e-07
  -4.5574212216776906e-07
   7.6325755116380365e-11
  -3.6259565793108777e-10
   1.2408949459661929e-09
  -3.5308689738541277e-09
   8.8557656827509878e-09
  -2.0209889154636123e-08
   4.2809485059877046e-08
   6.2202496961685077e-07
  -2.8359857768961627e-06
   9.2775245982199323e-06
  -2.5132479572377398e-05
   5.9764598961248952e-05
  -1.2877043589374138e-04
   2.5642195152402565e-04
   6.6963368303646494e-05
  -2.8268443173514205e-04
   8.4904308224215011e-04
  -2.0929526045885623e-03
   4.4861882145010501e-03
  -8.6248261835780108e-03
   1.5157565982139196e-02
   1.3596451965688058e-03
  -5.0959631076568637e-03
   1.3372083098422763e-02
  -2.8277044827430570e-02
   5.0902559444986437e-02
  -8.0131474839195305e-02
   1.1176110615166418e-01
   1.0816221371908279e-02
  -3.4115228341289383e-02
   7.2955147771673029e-02
  -1.2055266085320916e-01
   1.5981310043187302e-01
  -1.6866556239277500e-01
   1.3145743139639457e-01
   4.5605623293942278e-02
  -1.1213407766781433e-01
   1.7344976566226611e-01
  -1.8111632997125149e-01
   1.0681380211707357e-01
   2.3212359717728656e-02
  -1.3247025406271237e-01
   1.1830714577846380e-01
  -1.9928227805676149e-01
   1.6385148685895945e-01
  -7.5792726315777994e-03
  -1.4200997053118264e-01
   1.4088061595330842e-01
   8.8902517229060857e-03
   2.0426378823802552e-01
  -1.7484573053508845e-01
  -4.1155792462506668e-02
   1.7425279018661111e-01
  -5.1243539011584724e-02
  -1.3910055059524148e-01
   1.1250923795274653e-01
   2.4407814208052131e-01
  -1.8824002664067197e-16
  -1.8398082200185090e-01
   2.5540426591102360e-16
   1.6799272637009469e-01
  -3.1228167608207307e-16
  -1.6041358940439818e-01
   2.0426378823802602e-01
   1.7484573053508873e-01
  -4.1155792462506932e-02
  -1.7425279018661152e-01
  -5.1243539011584648e-02
   1.3910055059524196e-01
   1.1250923795274662e-01
   1.1830714577846371e-01
   1.9928227805676130e-01
   1.6385148685895928e-01
   7.5792726315775990e-03
  -1.4200997053118247e-01
  -1.4088061595330811e-01
   8.8902517229063407e-03
   4.5605623293942354e-02
   1.1213407766781451e-01
   1.7344976566226639e-01
   1.8111632997125177e-01
   1.0681380211707375e-01
  -2.3212359717728694e-02
  -1.3247025406271259e-01
   1.0816221371908300e-02
   3.4115228341289439e-02
   7.2955147771673126e-02
   1.2055266085320929e-01
   1.5981310043187311e-01
   1.6866556239277503e-01
   1.3145743139639426e-01
   1.3596451965687927e-03
   5.0959631076568160e-03
   1.3372083098422650e-02
   2.8277044827430365e-02
   5.0902559444986076e-02
   8.0131474839194805e-02
   1.1176110615166364e-01
   6.6963368303647470e-05
   2.8268443173514607e-04
   8.4904308224216171e-04
   2.0929526045885909e-03
   4.4861882145011064e-03
   8.6248261835781218e-03
   1.5157565982139388e-02
   6.2202496961682991e-07
   2.8359857768960691e-06
   9.2775245982196291e-06
   2.5132479572376591e-05
   5.9764598961247075e-05
   1.2877043589373742e-04
   2.5642195152401789e-04
   7.6325755116372210e-11
   3.6259565793104910e-10
   1.2408949459660604e-09
   3.5308689738537530e-09
   8.8557656827500514e-09
   2.0209889154633979e-08
   4.2809485059872566e-08
  -1.0689139376641301e-11
   5.2941996593592532e-11
  -1.8864455836673961e-10
   5.5816847856442856e-10
  -1.4539535521599826e-09
   3.4420837865189964e-09
  -1.9728050153157371e-07
   9.3774871864166467e-07
  -3.1951449452862832e-06
   9.0066227522352844e-06
  -2.2266911975154407e-05
   4.9839684684454622e-05
  -3.2490309065435485e-05
   1.4299621078043575e-04
  -4.4764800656418505e-04
   1.1499641824659352e-03
  -2.5687714847178324e-03
   5.1477007129784374e-03
  -8.6733044971627012e-04
   3.3891544622968776e-03
  -9.2820209389165784e-03
   2.0518301279785940e-02
  -3.8699533665026944e-02
   6.4044630959319185e-02
  -8.3310373272113946e-03
   2.7395414882323200e-02
  -6.1316125490390255e-02
   1.0669218845926483e-01
  -1.5050853324845342e-01
   1.7258967963693983e-01
  -4.0035793516129174e-02
   1.0262986240233786e-01
  -1.6728825214852500e-01
   1.8869339782557504e-01
  -1.3220752501312438e-01
   9.9167691933400148e-03
  -1.1325914185943453e-01
   1.9890104061280967e-01
  -1.7703200578260489e-01
   2.9528967733174972e-02
   1.3059521039752034e-01
  -1.5391512161038801e-01
  -2.0550093560688110e-01
   1.8339333144212541e-01
   3.1377669251743942e-02
  -1.7611203339820014e-01
   6.3865208009279667e-02
   1.3351223424334224e-01
  -2.4956372907663749e-01
   2.0066454263295229e-16
   1.8717279680747795e-01
  -2.7015290825667886e-16
  -1.7031608151623021e-01
   3.2833549326714273e-16
  -2.0550093560688160e-01
  -1.8339333144212575e-01
   3.1377669251744227e-02
   1.7611203339820061e-01
   6.3865208009279584e-02
  -1.3351223424334271e-01
  -1.1325914185943446e-01
  -1.9890104061280950e-01
  -1.7703200578260456e-01
  -2.9528967733174732e-02
   1.3059521039752023e-01
   1.5391512161038765e-01
  -4.0035793516129237e-02
  -1.0262986240233803e-01
  -1.6728825214852525e-01
  -1.8869339782557534e-01
  -1.3220752501312458e-01
  -9.9167691933400304e-03
  -8.3310373272114102e-03
  -2.7395414882323249e-02
  -6.1316125490390352e-02
  -1.0669218845926497e-01
  -1.5050853324845354e-01
  -1.7258967963693972e-01
  -8.6733044971626101e-04
  -3.3891544622968437e-03
  -9.2820209389164899e-03
  -2.0518301279785756e-02
  -3.8699533665026639e-02
  -6.4044630959318727e-02
  -3.2490309065435973e-05
  -1.4299621078043789e-04
  -4.4764800656419150e-04
  -1.1499641824659511e-03
  -2.5687714847178679e-03
  -5.1477007129785094e-03
  -1.9728050153156614e-07
  -9.3774871864162910e-07
  -3.1951449452861646e-06
  -9.0066227522349541e-06
  -2.2266911975153604e-05
  -4.9839684684452840e-05
  -1.0689139376640032e-11
  -5.2941996593586251e-11
  -1.8864455836671728e-10
  -5.5816847856436270e-10
  -1.4539535521598110e-09
  -3.4420837865185932e-09
   1.4942600177515980e-12
  -7.6912270054288336e-12
   2.8448051243601794e-11
  -8.7277750588061530e-11
   2.3548089057090753e-10
   6.2455733590428919e-08
  -3.0852226258699930e-07
   1.0915049447880159e-06
  -3.1920907345967825e-06
   8.1812280877112074e-06
   1.5735559890506422e-05
  -7.1972197783233823e-05
   2.3408440607186216e-04
  -6.2466184948958392e-04
   1.4494278931388056e-03
   5.5227502040117518e-04
  -2.2427147893343291e-03
   6.3888377188631917e-03
  -1.4708521998534153e-02
   2.8944584048958298e-02
   6.4052251362661031e-03
  -2.1888957528285721e-02
   5.1078218022727828e-02
  -9.3120902137338382e-02
   1.3875385185385045e-01
   3.5082480435949352e-02
  -9.3460365553888092e-02
   1.5973618360860861e-01
  -1.9259338167877335e-01
   1.5350950519883566e-01
   1.0822992623952821e-01
  -1.9752543584130813e-01
   1.8838818709773916e-01
  -5.0854602131981549e-02
  -1.1691872709639327e-01
   2.0637069694334281e-01
  -1.9139458433280343e-01
  -2.1556351994305212e-02
   1.7713676166477443e-01
  -7.5996038977252461e-02
   2.5470991439330970e-01
  -2.1283688825918634e-16
  -1.9021430597219538e-01
   2.8463395228846668e-16
   1.7255782024394148e-01
   2.0637069694334331e-01
   1.9139458433280376e-01
  -2.1556351994305480e-02
  -1.7713676166477491e-01
  -7.5996038977252420e-02
   1.0822992623952814e-01
   1.9752543584130788e-01
   1.8838818709773880e-01
   5.0854602131981300e-02
  -1.1691872709639327e-01
   3.5082480435949408e-02
   9.3460365553888244e-02
   1.5973618360860886e-01
   1.9259338167877368e-01
   1.5350950519883591e-01
   6.4052251362661161e-03
   2.1888957528285766e-02
   5.1078218022727925e-02
   9.3120902137338493e-02
   1.3875385185385050e-01
   5.5227502040116878e-04
   2.2427147893343052e-03
   6.3888377188631232e-03
   1.4708521998534016e-02
   2.8944584048958038e-02
   1.5735559890506669e-05
   7.1972197783234948e-05
   2.3408440607186566e-04
   6.2466184948959335e-04
   1.4494278931388277e-03
   6.2455733590426233e-08
   3.0852226258698622e-07
   1.0915049447879702e-06
   3.1920907345966495e-06
   8.1812280877108703e-06
   1.4942600177514025e-12
   7.6912270054278287e-12
   2.8448051243598081e-11
   8.7277750588050156e-11
   2.3548089057087703e-10
  -2.0856452317793104e-13
   1.1125691345235682e-12
  -4.2605316836322686e-12
   1.3519852892695378e-11
  -1.9742006427920771e-08
   1.0107007771908254e-07
  -3.7029376030612294e-07
   1.1206381588350185e-06
  -7.6092417571290807e-06
   3.6069578216407158e-05
  -1.2155039594818173e-04
   3.3601970093275396e-04
  -3.5112118355114442e-04
   1.4777221911107172e-03
  -4.3659268033671064e-03
   1.0435456234953167e-02
  -4.9170037881659323e-03
   1.7414392913583543e-02
  -4.2230037741753684e-02
   8.0333676828607800e-02
  -3.0694669905677031e-02
   8.4745621263950757e-02
  -1.5124625226084273e-01
   1.9337120800924967e-01
  -1.0326479395013714e-01
   1.9531925808081541e-01
  -1.9803685115727346e-01
   7.1354309655944040e-02
  -2.0692505667919234e-01
   1.9888948066727347e-01
   1.1725148849871140e-02
  -1.7739371495105882e-01
  -2.5956196779283242e-01
   2.2478080683119414e-16
   1.9312028398583564e-01
  -2.9887033442760327e-16
  -2.0692505667919286e-01
  -1.9888948066727383e-01
   1.1725148849871376e-02
   1.7739371495105929e-01
  -1.0326479395013707e-01
  -1.9531925808081518e-01
  -1.9803685115727310e-01
  -7.1354309655943721e-02
  -3.0694669905677079e-02
  -8.4745621263950896e-02
  -1.5124625226084298e-01
  -1.9337120800924998e-01
  -4.9170037881659436e-03
  -1.7414392913583581e-02
  -4.2230037741753754e-02
  -8.0333676828607883e-02
  -3.5112118355114014e-04
  -1.4777221911106994e-03
  -4.3659268033670569e-03
  -1.0435456234953056e-02
  -7.6092417571292078e-06
  -3.6069578216407747e-05
  -1.2155039594818375e-04
  -3.3601970093275938e-04
  -1.9742006427919838e-08
  -1.0107007771907780e-07
  -3.7029376030610558e-07
  -1.1206381588349668e-06
  -2.0856452317790133e-13
  -1.1125691345234098e-12
  -4.2605316836316628e-12
  -1.3519852892693458e-11
   2.9072305445815114e-14
  -1.6034221963659554e-13
   6.3427902897879210e-13
   6.2321089816613405e-09
  -3.2987408450656323e-08
   1.2487007353985182e-07
   3.6747291966559357e-06
  -1.8009716204024198e-05
   6.2733804704645594e-05
   2.2293765996920703e-04
  -9.7006547855666976e-04
   2.9650662391781904e-03
   3.7695669549680458e-03
  -1.3803242115030577e-02
   3.4688946468222188e-02
   2.6820101559493190e-02
  -7.6559055429224282e-02
   1.4218394498003212e-01
   9.8397027365109746e-02
  -1.9242283523965636e-01
   2.0609644705559912e-01
   2.0720627815992110e-01
  -2.0591286861153568e-01
  -1.9124488177863733e-03
   2.6415634160001700e-01
  -2.3651628943525238e-16
  -1.9590358609307706e-01
   2.0720627815992168e-01
   2.0591286861153610e-01
  -1.9124488177865973e-03
   9.8397027365109690e-02
   1.9242283523965617e-01
   2.0609644705559882e-01
   2.6820101559493235e-02
   7.6559055429224407e-02
   1.4218394498003234e-01
   3.7695669549680550e-03
   1.3803242115030610e-02
   3.4688946468222265e-02
   2.2293765996920408e-04
   9.7006547855665740e-04
   2.9650662391781544e-03
   3.6747291966559993e-06
   1.8009716204024509e-05
   6.2733804704646665e-05
   6.2321089816610154e-09
   3.2987408450654616e-08
   1.2487007353984542e-07
   2.9072305445810615e-14
   1.6034221963657080e-13
   6.3427902897869436e-13
  -4.0477971951323777e-15
   2.3033677748768976e-14
  -1.9650745265594881e-09
   1.0731694660036617e-08
  -1.7725950560494718e-06
   8.9632845954377944e-06
  -1.4138719585138514e-04
   6.3475161658701356e-04
  -2.8865734760637617e-03
   1.0905570354475289e-02
  -2.3407665631364125e-02
   6.8939856747260747e-02
  -9.3650890243379747e-02
   1.8895686036569162e-01
  -2.0724925279444342e-01
   2.1249546960843885e-01
  -2.6852285793656688e-01
   2.4806037709606512e-16
  -2.0724925279444398e-01
  -2.1249546960843929e-01
  -9.3650890243379678e-02
  -1.8895686036569143e-01
  -2.3407665631364163e-02
  -6.8939856747260858e-02
  -2.8865734760637695e-03
  -1.0905570354475317e-02
  -1.4138719585138311e-04
  -6.3475161658700500e-04
  -1.7725950560495038e-06
  -8.9632845954379553e-06
  -1.9650745265593760e-09
  -1.0731694660036013e-08
  -4.0477971951317032e-15
  -2.3033677748765145e-14
   5.6301475758510111e-16
   6.1899162596643549e-10
   8.5419197822619711e-07
   8.9577406682339619e-05
   2.2081853941866712e-03
   2.0408803930449328e-02
   8.9043783112614044e-02
   2.0708316696311191e-01
   2.7268625129990942e-01
   2.0708316696311252e-01
   8.9043783112613989e-02
   2.0408803930449360e-02
   2.2081853941866773e-03
   8.9577406682338291e-05
   8.5419197822621331e-07
   6.1899162596639744e-10
   5.6301475758500073e-16
