   3.4617639540780724e-02
   3.4617639540780724e-02
   3.4617639540780724e-02
   3.4617639540780724e-02
   3.4617639540780724e-02
   3.4617639540780724e-02
   3.4617639540780724e-02
   3.4617639540780724e-02
   3.4617639540780724e-02
   3.4617639540780724e-02
   3.4617639540780724e-02
   3.4617639540780724e-02
   3.4617639540780724e-02
   3.4617639540780724e-02
   3.4617639540780724e-02
   3.4617639540780724e-02
   3.4617639540780724e-02
   3.4617639540780724e-02
   3.4617639540780724e-02
   3.4617639540780724e-02
   3.4617639540780724e-02
   3.4617639540780724e-02
   3.4617639540780724e-02
   3.4617639540780724e-02
   3.4617639540780724e-02
   3.4617639540780724e-02
   3.4617639540780724e-02
   3.4617639540780724e-02
   3.4617639540780724e-02
   3.4617639540780724e-02
   3.4617639540780724e-02
   3.4617639540780724e-02
   3.5106077146064951e-02
   3.5106077146064951e-02
   3.5106077146064951e-02
   3.5106077146064951e-02
   3.5106077146064951e-02
   3.5106077146064951e-02
   3.5106077146064951e-02
   3.5106077146064951e-02
   3.5106077146064951e-02
   3.5106077146064951e-02
   3.5106077146064951e-02
   3.5106077146064951e-02
   3.5106077146064951e-02
   3.5106077146064951e-02
   3.5106077146064951e-02
   3.5106077146064951e-02
   3.5106077146064951e-02
   3.5106077146064951e-02
   3.5106077146064951e-02
   3.5106077146064951e-02
   3.5106077146064951e-02
   3.5106077146064951e-02
   3.5106077146064951e-02
   3.5106077146064951e-02
   3.5106077146064951e-02
   3.5106077146064951e-02
   3.5106077146064951e-02
   3.5106077146064951e-02
   3.5106077146064951e-02
   3.5106077146064951e-02
   3.5106077146064951e-02
   3.5106077146064951e-02
   3.5185967451307976e-02
   3.5185967451307976e-02
   3.5185967451307976e-02
   3.5185967451307976e-02
   3.5185967451307976e-02
   3.5185967451307976e-02
   3.5185967451307976e-02
   3.5185967451307976e-02
   3.5185967451307976e-02
   3.5185967451307976e-02
   3.5185967451307976e-02
   3.5185967451307976e-02
   3.5185967451307976e-02
   3.5185967451307976e-02
   3.5185967451307976e-02
   3.5185967451307976e-02
   3.5185967451307976e-02
   3.5185967451307976e-02
   3.5185967451307976e-02
   3.5185967451307976e-02
   3.5185967451307976e-02
   3.5185967451307976e-02
   3.5185967451307976e-02
   3.5185967451307976e-02
   3.5185967451307976e-02
   3.5185967451307976e-02
   3.5185967451307976e-02
   3.5185967451307976e-02
   3.5185967451307976e-02
   3.5185967451307976e-02
   3.5185967451307976e-02
   3.5185967451307976e-02
   3.5212013378275196e-02
   3.5212013378275196e-02
   3.5212013378275196e-02
   3.5212013378275196e-02
   3.5212013378275196e-02
   3.5212013378275196e-02
   3.5212013378275196e-02
   3.5212013378275196e-02
   3.5212013378275196e-02
   3.5212013378275196e-02
   3.5212013378275196e-02
   3.5212013378275196e-02
   3.5212013378275196e-02
   3.5212013378275196e-02
   3.5212013378275196e-02
   3.5212013378275196e-02
   3.5212013378275196e-02
   3.5212013378275196e-02
   3.5212013378275196e-02
   3.5212013378275196e-02
   3.5212013378275196e-02
   3.5212013378275196e-02
   3.5212013378275196e-02
   3.5212013378275196e-02
   3.5212013378275196e-02
   3.5212013378275196e-02
   3.5212013378275196e-02
   3.5212013378275196e-02
   3.5212013378275196e-02
   3.5212013378275196e-02
   3.5212013378275196e-02
   3.5212013378275196e-02
   3.5223393817959532e-02
   3.5223393817959532e-02
   3.5223393817959532e-02
   3.5223393817959532e-02
   3.5223393817959532e-02
   3.5223393817959532e-02
   3.5223393817959532e-02
   3.5223393817959532e-02
   3.5223393817959532e-02
   3.5223393817959532e-02
   3.5223393817959532e-02
   3.5223393817959532e-02
   3.5223393817959532e-02
   3.5223393817959532e-02
   3.5223393817959532e-02
   3.5223393817959532e-02
   3.5223393817959532e-02
   3.5223393817959532e-02
   3.5223393817959532e-02
   3.5223393817959532e-02
   3.5223393817959532e-02
   3.5223393817959532e-02
   3.5223393817959532e-02
   3.5223393817959532e-02
   3.5223393817959532e-02
   3.5223393817959532e-02
   3.5223393817959532e-02
   3.5223393817959532e-02
   3.5223393817959532e-02
   3.5223393817959532e-02
   3.5223393817959532e-02
   3.5223393817959532e-02
   3.5229150810221065e-02
   3.5229150810221065e-02
   3.5229150810221065e-02
   3.5229150810221065e-02
   3.5229150810221065e-02
   3.5229150810221065e-02
   3.5229150810221065e-02
   3.5229150810221065e-02
   3.5229150810221065e-02
   3.5229150810221065e-02
   3.5229150810221065e-02
   3.5229150810221065e-02
   3.5229150810221065e-02
   3.5229150810221065e-02
   3.5229150810221065e-02
   3.5229150810221065e-02
   3.5229150810221065e-02
   3.5229150810221065e-02
   3.5229150810221065e-02
   3.5229150810221065e-02
   3.5229150810221065e-02
   3.5229150810221065e-02
   3.5229150810221065e-02
   3.5229150810221065e-02
   3.5229150810221065e-02
   3.5229150810221065e-02
   3.5229150810221065e-02
   3.5229150810221065e-02
   3.5229150810221065e-02
   3.5229150810221065e-02
   3.5229150810221065e-02
   3.5229150810221065e-02
   3.5232224434457178e-02
   3.5232224434457178e-02
   3.5232224434457178e-02
   3.5232224434457178e-02
   3.5232224434457178e-02
   3.5232224434457178e-02
   3.5232224434457178e-02
   3.5232224434457178e-02
   3.5232224434457178e-02
   3.5232224434457178e-02
   3.5232224434457178e-02
   3.5232224434457178e-02
   3.5232224434457178e-02
   3.5232224434457178e-02
   3.5232224434457178e-02
   3.5232224434457178e-02
   3.5232224434457178e-02
   3.5232224434457178e-02
   3.5232224434457178e-02
   3.5232224434457178e-02
   3.5232224434457178e-02
   3.5232224434457178e-02
   3.5232224434457178e-02
   3.5232224434457178e-02
   3.5232224434457178e-02
   3.5232224434457178e-02
   3.5232224434457178e-02
   3.5232224434457178e-02
   3.5232224434457178e-02
   3.5232224434457178e-02
   3.5232224434457178e-02
   3.5232224434457178e-02
   3.5233762356214879e-02
   3.5233762356214879e-02
   3.5233762356214879e-02
   3.5233762356214879e-02
   3.5233762356214879e-02
   3.5233762356214879e-02
   3.5233762356214879e-02
   3.5233762356214879e-02
   3.5233762356214879e-02
   3.5233762356214879e-02
   3.5233762356214879e-02
   3.5233762356214879e-02
   3.5233762356214879e-02
   3.5233762356214879e-02
   3.5233762356214879e-02
   3.5233762356214879e-02
   3.5233762356214879e-02
   3.5233762356214879e-02
   3.5233762356214879e-02
   3.5233762356214879e-02
   3.5233762356214879e-02
   3.5233762356214879e-02
   3.5233762356214879e-02
   3.5233762356214879e-02
   3.5233762356214879e-02
   3.5233762356214879e-02
   3.5233762356214879e-02
   3.5233762356214879e-02
   3.5233762356214879e-02
   3.5233762356214879e-02
   3.5233762356214879e-02
   3.5233762356214879e-02
   3.5234232061479673e-02
   3.5234232061479673e-02
   3.5234232061479673e-02
   3.5234232061479673e-02
   3.5234232061479673e-02
   3.5234232061479673e-02
   3.5234232061479673e-02
   3.5234232061479673e-02
   3.5234232061479673e-02
   3.5234232061479673e-02
   3.5234232061479673e-02
   3.5234232061479673e-02
   3.5234232061479673e-02
   3.5234232061479673e-02
   3.5234232061479673e-02
   3.5234232061479673e-02
   3.5234232061479673e-02
   3.5234232061479673e-02
   3.5234232061479673e-02
   3.5234232061479673e-02
   3.5234232061479673e-02
   3.5234232061479673e-02
   3.5234232061479673e-02
   3.5234232061479673e-02
   3.5234232061479673e-02
   3.5234232061479673e-02
   3.5234232061479673e-02
   3.5234232061479673e-02
   3.5234232061479673e-02
   3.5234232061479673e-02
   3.5234232061479673e-02
   3.5234232061479673e-02
   3.5233762356214920e-02
   3.5233762356214920e-02
   3.5233762356214920e-02
   3.5233762356214920e-02
   3.5233762356214920e-02
   3.5233762356214920e-02
   3.5233762356214920e-02
   3.5233762356214920e-02
   3.5233762356214920e-02
   3.5233762356214920e-02
   3.5233762356214920e-02
   3.5233762356214920e-02
   3.5233762356214920e-02
   3.5233762356214920e-02
   3.5233762356214920e-02
   3.5233762356214920e-02
   3.5233762356214920e-02
   3.5233762356214920e-02
   3.5233762356214920e-02
   3.5233762356214920e-02
   3.5233762356214920e-02
   3.5233762356214920e-02
   3.5233762356214920e-02
   3.5233762356214920e-02
   3.5233762356214920e-02
   3.5233762356214920e-02
   3.5233762356214920e-02
   3.5233762356214920e-02
   3.5233762356214920e-02
   3.5233762356214920e-02
   3.5233762356214920e-02
   3.5233762356214920e-02
   3.5232224434457150e-02
   3.5232224434457150e-02
   3.5232224434457150e-02
   3.5232224434457150e-02
   3.5232224434457150e-02
   3.5232224434457150e-02
   3.5232224434457150e-02
   3.5232224434457150e-02
   3.5232224434457150e-02
   3.5232224434457150e-02
   3.5232224434457150e-02
   3.5232224434457150e-02
   3.5232224434457150e-02
   3.5232224434457150e-02
   3.5232224434457150e-02
   3.5232224434457150e-02
   3.5232224434457150e-02
   3.5232224434457150e-02
   3.5232224434457150e-02
   3.5232224434457150e-02
   3.5232224434457150e-02
   3.5232224434457150e-02
   3.5232224434457150e-02
   3.5232224434457150e-02
   3.5232224434457150e-02
   3.5232224434457150e-02
   3.5232224434457150e-02
   3.5232224434457150e-02
   3.5232224434457150e-02
   3.5232224434457150e-02
   3.5232224434457150e-02
   3.5232224434457150e-02
   3.5229150810221120e-02
   3.5229150810221120e-02
   3.5229150810221120e-02
   3.5229150810221120e-02
   3.5229150810221120e-02
   3.5229150810221120e-02
   3.5229150810221120e-02
   3.5229150810221120e-02
   3.5229150810221120e-02
   3.5229150810221120e-02
   3.5229150810221120e-02
   3.5229150810221120e-02
   3.5229150810221120e-02
   3.5229150810221120e-02
   3.5229150810221120e-02
   3.5229150810221120e-02
   3.5229150810221120e-02
   3.5229150810221120e-02
   3.5229150810221120e-02
   3.5229150810221120e-02
   3.5229150810221120e-02
   3.5229150810221120e-02
   3.5229150810221120e-02
   3.5229150810221120e-02
   3.5229150810221120e-02
   3.5229150810221120e-02
   3.5229150810221120e-02
   3.5229150810221120e-02
   3.5229150810221120e-02
   3.5229150810221120e-02
   3.5229150810221120e-02
   3.5229150810221120e-02
   3.5223393817959546e-02
   3.5223393817959546e-02
   3.5223393817959546e-02
   3.5223393817959546e-02
   3.5223393817959546e-02
   3.5223393817959546e-02
   3.5223393817959546e-02
   3.5223393817959546e-02
   3.5223393817959546e-02
   3.5223393817959546e-02
   3.5223393817959546e-02
   3.5223393817959546e-02
   3.5223393817959546e-02
   3.5223393817959546e-02
   3.5223393817959546e-02
   3.5223393817959546e-02
   3.5223393817959546e-02
   3.5223393817959546e-02
   3.5223393817959546e-02
   3.5223393817959546e-02
   3.5223393817959546e-02
   3.5223393817959546e-02
   3.5223393817959546e-02
   3.5223393817959546e-02
   3.5223393817959546e-02
   3.5223393817959546e-02
   3.5223393817959546e-02
   3.5223393817959546e-02
   3.5223393817959546e-02
   3.5223393817959546e-02
   3.5223393817959546e-02
   3.5223393817959546e-02
   3.5212013378275196e-02
   3.5212013378275196e-02
   3.5212013378275196e-02
   3.5212013378275196e-02
   3.5212013378275196e-02
   3.5212013378275196e-02
   3.5212013378275196e-02
   3.5212013378275196e-02
   3.5212013378275196e-02
   3.5212013378275196e-02
   3.5212013378275196e-02
   3.5212013378275196e-02
   3.5212013378275196e-02
   3.5212013378275196e-02
   3.5212013378275196e-02
   3.5212013378275196e-02
   3.5212013378275196e-02
   3.5212013378275196e-02
   3.5212013378275196e-02
   3.5212013378275196e-02
   3.5212013378275196e-02
   3.5212013378275196e-02
   3.5212013378275196e-02
   3.5212013378275196e-02
   3.5212013378275196e-02
   3.5212013378275196e-02
   3.5212013378275196e-02
   3.5212013378275196e-02
   3.5212013378275196e-02
   3.5212013378275196e-02
   3.5212013378275196e-02
   3.5212013378275196e-02
   3.5185967451308212e-02
   3.5185967451308212e-02
   3.5185967451308212e-02
   3.5185967451308212e-02
   3.5185967451308212e-02
   3.5185967451308212e-02
   3.5185967451308212e-02
   3.5185967451308212e-02
   3.5185967451308212e-02
   3.5185967451308212e-02
   3.5185967451308212e-02
   3.5185967451308212e-02
   3.5185967451308212e-02
   3.5185967451308212e-02
   3.5185967451308212e-02
   3.5185967451308212e-02
   3.5185967451308212e-02
   3.5185967451308212e-02
   3.5185967451308212e-02
   3.5185967451308212e-02
   3.5185967451308212e-02
   3.5185967451308212e-02
   3.5185967451308212e-02
   3.5185967451308212e-02
   3.5185967451308212e-02
   3.5185967451308212e-02
   3.5185967451308212e-02
   3.5185967451308212e-02
   3.5185967451308212e-02
   3.5185967451308212e-02
   3.5185967451308212e-02
   3.5185967451308212e-02
   3.5106077146065548e-02
   3.5106077146065548e-02
   3.5106077146065548e-02
   3.5106077146065548e-02
   3.5106077146065548e-02
   3.5106077146065548e-02
   3.5106077146065548e-02
   3.5106077146065548e-02
   3.5106077146065548e-02
   3.5106077146065548e-02
   3.5106077146065548e-02
   3.5106077146065548e-02
   3.5106077146065548e-02
   3.5106077146065548e-02
   3.5106077146065548e-02
   3.5106077146065548e-02
   3.5106077146065548e-02
   3.5106077146065548e-02
   3.5106077146065548e-02
   3.5106077146065548e-02
   3.5106077146065548e-02
   3.5106077146065548e-02
   3.5106077146065548e-02
   3.5106077146065548e-02
   3.5106077146065548e-02
   3.5106077146065548e-02
   3.5106077146065548e-02
   3.5106077146065548e-02
   3.5106077146065548e-02
   3.5106077146065548e-02
   3.5106077146065548e-02
   3.5106077146065548e-02
   3.4617639540781620e-02
   3.4617639540781620e-02
   3.4617639540781620e-02
   3.4617639540781620e-02
   3.4617639540781620e-02
   3.4617639540781620e-02
   3.4617639540781620e-02
   3.4617639540781620e-02
   3.4617639540781620e-02
   3.4617639540781620e-02
   3.4617639540781620e-02
   3.4617639540781620e-02
   3.4617639540781620e-02
   3.4617639540781620e-02
   3.4617639540781620e-02
   3.4617639540781620e-02
   3.4617639540781620e-02
   3.4617639540781620e-02
   3.4617639540781620e-02
   3.4617639540781620e-02
   3.4617639540781620e-02
   3.4617639540781620e-02
   3.4617639540781620e-02
   3.4617639540781620e-02
   3.4617639540781620e-02
   3.4617639540781620e-02
   3.4617639540781620e-02
   3.4617639540781620e-02
   3.4617639540781620e-02
   3.4617639540781620e-02
   3.4617639540781620e-02
   3.4617639540781620e-02
