   5.0884175341303108e-02
   5.0884175341303108e-02
   5.0884175341303108e-02
   5.0884175341303108e-02
   5.0884175341303108e-02
   5.0884175341303108e-02
   5.0884175341303108e-02
   5.0884175341303108e-02
   5.0884175341303108e-02
   5.0884175341303108e-02
   5.0884175341303108e-02
   5.0884175341303108e-02
   5.0884175341303108e-02
   5.0884175341303108e-02
   5.0884175341303108e-02
   5.0884175341303108e-02
   5.0884175341303108e-02
   5.0884175341303108e-02
   5.0884175341303108e-02
   5.0884175341303108e-02
   5.0884175341303108e-02
   5.0884175341303108e-02
   5.0884175341303108e-02
   5.0884175341303108e-02
   5.0884175341303108e-02
   5.0884175341303108e-02
   5.0884175341303108e-02
   5.0884175341303108e-02
   5.0884175341303108e-02
   5.0884175341303108e-02
   5.0884175341303108e-02
   5.0884175341303108e-02
   2.3530229532863579e-02
   2.3530229532863579e-02
   2.3530229532863579e-02
   2.3530229532863579e-02
   2.3530229532863579e-02
   2.3530229532863579e-02
   2.3530229532863579e-02
   2.3530229532863579e-02
   2.3530229532863579e-02
   2.3530229532863579e-02
   2.3530229532863579e-02
   2.3530229532863579e-02
   2.3530229532863579e-02
   2.3530229532863579e-02
   2.3530229532863579e-02
   2.3530229532863579e-02
   2.3530229532863579e-02
   2.3530229532863579e-02
   2.3530229532863579e-02
   2.3530229532863579e-02
   2.3530229532863579e-02
   2.3530229532863579e-02
   2.3530229532863579e-02
   2.3530229532863579e-02
   2.3530229532863579e-02
   2.3530229532863579e-02
   2.3530229532863579e-02
   2.3530229532863579e-02
   2.3530229532863579e-02
   2.3530229532863579e-02
   2.3530229532863579e-02
   2.3530229532863579e-02
   4.4523575170026176e-02
   4.4523575170026176e-02
   4.4523575170026176e-02
   4.4523575170026176e-02
   4.4523575170026176e-02
   4.4523575170026176e-02
   4.4523575170026176e-02
   4.4523575170026176e-02
   4.4523575170026176e-02
   4.4523575170026176e-02
   4.4523575170026176e-02
   4.4523575170026176e-02
   4.4523575170026176e-02
   4.4523575170026176e-02
   4.4523575170026176e-02
   4.4523575170026176e-02
   4.4523575170026176e-02
   4.4523575170026176e-02
   4.4523575170026176e-02
   4.4523575170026176e-02
   4.4523575170026176e-02
   4.4523575170026176e-02
   4.4523575170026176e-02
   4.4523575170026176e-02
   4.4523575170026176e-02
   4.4523575170026176e-02
   4.4523575170026176e-02
   4.4523575170026176e-02
   4.4523575170026176e-02
   4.4523575170026176e-02
   4.4523575170026176e-02
   4.4523575170026176e-02
   2.7239656845415149e-02
   2.7239656845415149e-02
   2.7239656845415149e-02
   2.7239656845415149e-02
   2.7239656845415149e-02
   2.7239656845415149e-02
   2.7239656845415149e-02
   2.7239656845415149e-02
   2.7239656845415149e-02
   2.7239656845415149e-02
   2.7239656845415149e-02
   2.7239656845415149e-02
   2.7239656845415149e-02
   2.7239656845415149e-02
   2.7239656845415149e-02
   2.7239656845415149e-02
   2.7239656845415149e-02
   2.7239656845415149e-02
   2.7239656845415149e-02
   2.7239656845415149e-02
   2.7239656845415149e-02
   2.7239656845415149e-02
   2.7239656845415149e-02
   2.7239656845415149e-02
   2.7239656845415149e-02
   2.7239656845415149e-02
   2.7239656845415149e-02
   2.7239656845415149e-02
   2.7239656845415149e-02
   2.7239656845415149e-02
   2.7239656845415149e-02
   2.7239656845415149e-02
   4.2240448227431227e-02
   4.2240448227431227e-02
   4.2240448227431227e-02
   4.2240448227431227e-02
   4.2240448227431227e-02
   4.2240448227431227e-02
   4.2240448227431227e-02
   4.2240448227431227e-02
   4.2240448227431227e-02
   4.2240448227431227e-02
   4.2240448227431227e-02
   4.2240448227431227e-02
   4.2240448227431227e-02
   4.2240448227431227e-02
   4.2240448227431227e-02
   4.2240448227431227e-02
   4.2240448227431227e-02
   4.2240448227431227e-02
   4.2240448227431227e-02
   4.2240448227431227e-02
   4.2240448227431227e-02
   4.2240448227431227e-02
   4.2240448227431227e-02
   4.2240448227431227e-02
   4.2240448227431227e-02
   4.2240448227431227e-02
   4.2240448227431227e-02
   4.2240448227431227e-02
   4.2240448227431227e-02
   4.2240448227431227e-02
   4.2240448227431227e-02
   4.2240448227431227e-02
   2.8941427104112363e-02
   2.8941427104112363e-02
   2.8941427104112363e-02
   2.8941427104112363e-02
   2.8941427104112363e-02
   2.8941427104112363e-02
   2.8941427104112363e-02
   2.8941427104112363e-02
   2.8941427104112363e-02
   2.8941427104112363e-02
   2.8941427104112363e-02
   2.8941427104112363e-02
   2.8941427104112363e-02
   2.8941427104112363e-02
   2.8941427104112363e-02
   2.8941427104112363e-02
   2.8941427104112363e-02
   2.8941427104112363e-02
   2.8941427104112363e-02
   2.8941427104112363e-02
   2.8941427104112363e-02
   2.8941427104112363e-02
   2.8941427104112363e-02
   2.8941427104112363e-02
   2.8941427104112363e-02
   2.8941427104112363e-02
   2.8941427104112363e-02
   2.8941427104112363e-02
   2.8941427104112363e-02
   2.8941427104112363e-02
   2.8941427104112363e-02
   2.8941427104112363e-02
   4.0927737797293147e-02
   4.0927737797293147e-02
   4.0927737797293147e-02
   4.0927737797293147e-02
   4.0927737797293147e-02
   4.0927737797293147e-02
   4.0927737797293147e-02
   4.0927737797293147e-02
   4.0927737797293147e-02
   4.0927737797293147e-02
   4.0927737797293147e-02
   4.0927737797293147e-02
   4.0927737797293147e-02
   4.0927737797293147e-02
   4.0927737797293147e-02
   4.0927737797293147e-02
   4.0927737797293147e-02
   4.0927737797293147e-02
   4.0927737797293147e-02
   4.0927737797293147e-02
   4.0927737797293147e-02
   4.0927737797293147e-02
   4.0927737797293147e-02
   4.0927737797293147e-02
   4.0927737797293147e-02
   4.0927737797293147e-02
   4.0927737797293147e-02
   4.0927737797293147e-02
   4.0927737797293147e-02
   4.0927737797293147e-02
   4.0927737797293147e-02
   4.0927737797293147e-02
   3.0042397416145231e-02
   3.0042397416145231e-02
   3.0042397416145231e-02
   3.0042397416145231e-02
   3.0042397416145231e-02
   3.0042397416145231e-02
   3.0042397416145231e-02
   3.0042397416145231e-02
   3.0042397416145231e-02
   3.0042397416145231e-02
   3.0042397416145231e-02
   3.0042397416145231e-02
   3.0042397416145231e-02
   3.0042397416145231e-02
   3.0042397416145231e-02
   3.0042397416145231e-02
   3.0042397416145231e-02
   3.0042397416145231e-02
   3.0042397416145231e-02
   3.0042397416145231e-02
   3.0042397416145231e-02
   3.0042397416145231e-02
   3.0042397416145231e-02
   3.0042397416145231e-02
   3.0042397416145231e-02
   3.0042397416145231e-02
   3.0042397416145231e-02
   3.0042397416145231e-02
   3.0042397416145231e-02
   3.0042397416145231e-02
   3.0042397416145231e-02
   3.0042397416145231e-02
   3.9979465025712778e-02
   3.9979465025712778e-02
   3.9979465025712778e-02
   3.9979465025712778e-02
   3.9979465025712778e-02
   3.9979465025712778e-02
   3.9979465025712778e-02
   3.9979465025712778e-02
   3.9979465025712778e-02
   3.9979465025712778e-02
   3.9979465025712778e-02
   3.9979465025712778e-02
   3.9979465025712778e-02
   3.9979465025712778e-02
   3.9979465025712778e-02
   3.9979465025712778e-02
   3.9979465025712778e-02
   3.9979465025712778e-02
   3.9979465025712778e-02
   3.9979465025712778e-02
   3.9979465025712778e-02
   3.9979465025712778e-02
   3.9979465025712778e-02
   3.9979465025712778e-02
   3.9979465025712778e-02
   3.9979465025712778e-02
   3.9979465025712778e-02
   3.9979465025712778e-02
   3.9979465025712778e-02
   3.9979465025712778e-02
   3.9979465025712778e-02
   3.9979465025712778e-02
   3.0896828726776245e-02
   3.0896828726776245e-02
   3.0896828726776245e-02
   3.0896828726776245e-02
   3.0896828726776245e-02
   3.0896828726776245e-02
   3.0896828726776245e-02
   3.0896828726776245e-02
   3.0896828726776245e-02
   3.0896828726776245e-02
   3.0896828726776245e-02
   3.0896828726776245e-02
   3.0896828726776245e-02
   3.0896828726776245e-02
   3.0896828726776245e-02
   3.0896828726776245e-02
   3.0896828726776245e-02
   3.0896828726776245e-02
   3.0896828726776245e-02
   3.0896828726776245e-02
   3.0896828726776245e-02
   3.0896828726776245e-02
   3.0896828726776245e-02
   3.0896828726776245e-02
   3.0896828726776245e-02
   3.0896828726776245e-02
   3.0896828726776245e-02
   3.0896828726776245e-02
   3.0896828726776245e-02
   3.0896828726776245e-02
   3.0896828726776245e-02
   3.0896828726776245e-02
   3.9183758363810953e-02
   3.9183758363810953e-02
   3.9183758363810953e-02
   3.9183758363810953e-02
   3.9183758363810953e-02
   3.9183758363810953e-02
   3.9183758363810953e-02
   3.9183758363810953e-02
   3.9183758363810953e-02
   3.9183758363810953e-02
   3.9183758363810953e-02
   3.9183758363810953e-02
   3.9183758363810953e-02
   3.9183758363810953e-02
   3.9183758363810953e-02
   3.9183758363810953e-02
   3.9183758363810953e-02
   3.9183758363810953e-02
   3.9183758363810953e-02
   3.9183758363810953e-02
   3.9183758363810953e-02
   3.9183758363810953e-02
   3.9183758363810953e-02
   3.9183758363810953e-02
   3.9183758363810953e-02
   3.9183758363810953e-02
   3.9183758363810953e-02
   3.9183758363810953e-02
   3.9183758363810953e-02
   3.9183758363810953e-02
   3.9183758363810953e-02
   3.9183758363810953e-02
   3.1652507283025003e-02
   3.1652507283025003e-02
   3.1652507283025003e-02
   3.1652507283025003e-02
   3.1652507283025003e-02
   3.1652507283025003e-02
   3.1652507283025003e-02
   3.1652507283025003e-02
   3.1652507283025003e-02
   3.1652507283025003e-02
   3.1652507283025003e-02
   3.1652507283025003e-02
   3.1652507283025003e-02
   3.1652507283025003e-02
   3.1652507283025003e-02
   3.1652507283025003e-02
   3.1652507283025003e-02
   3.1652507283025003e-02
   3.1652507283025003e-02
   3.1652507283025003e-02
   3.1652507283025003e-02
   3.1652507283025003e-02
   3.1652507283025003e-02
   3.1652507283025003e-02
   3.1652507283025003e-02
   3.1652507283025003e-02
   3.1652507283025003e-02
   3.1652507283025003e-02
   3.1652507283025003e-02
   3.1652507283025003e-02
   3.1652507283025003e-02
   3.1652507283025003e-02
   3.8423785875756442e-02
   3.8423785875756442e-02
   3.8423785875756442e-02
   3.8423785875756442e-02
   3.8423785875756442e-02
   3.8423785875756442e-02
   3.8423785875756442e-02
   3.8423785875756442e-02
   3.8423785875756442e-02
   3.8423785875756442e-02
   3.8423785875756442e-02
   3.8423785875756442e-02
   3.8423785875756442e-02
   3.8423785875756442e-02
   3.8423785875756442e-02
   3.8423785875756442e-02
   3.8423785875756442e-02
   3.8423785875756442e-02
   3.8423785875756442e-02
   3.8423785875756442e-02
   3.8423785875756442e-02
   3.8423785875756442e-02
   3.8423785875756442e-02
   3.8423785875756442e-02
   3.8423785875756442e-02
   3.8423785875756442e-02
   3.8423785875756442e-02
   3.8423785875756442e-02
   3.8423785875756442e-02
   3.8423785875756442e-02
   3.8423785875756442e-02
   3.8423785875756442e-02
   3.2402800254802237e-02
   3.2402800254802237e-02
   3.2402800254802237e-02
   3.2402800254802237e-02
   3.2402800254802237e-02
   3.2402800254802237e-02
   3.2402800254802237e-02
   3.2402800254802237e-02
   3.2402800254802237e-02
   3.2402800254802237e-02
   3.2402800254802237e-02
   3.2402800254802237e-02
   3.2402800254802237e-02
   3.2402800254802237e-02
   3.2402800254802237e-02
   3.2402800254802237e-02
   3.2402800254802237e-02
   3.2402800254802237e-02
   3.2402800254802237e-02
   3.2402800254802237e-02
   3.2402800254802237e-02
   3.2402800254802237e-02
   3.2402800254802237e-02
   3.2402800254802237e-02
   3.2402800254802237e-02
   3.2402800254802237e-02
   3.2402800254802237e-02
   3.2402800254802237e-02
   3.2402800254802237e-02
   3.2402800254802237e-02
   3.2402800254802237e-02
   3.2402800254802237e-02
   3.7569996331160600e-02
   3.7569996331160600e-02
   3.7569996331160600e-02
   3.7569996331160600e-02
   3.7569996331160600e-02
   3.7569996331160600e-02
   3.7569996331160600e-02
   3.7569996331160600e-02
   3.7569996331160600e-02
   3.7569996331160600e-02
   3.7569996331160600e-02
   3.7569996331160600e-02
   3.7569996331160600e-02
   3.7569996331160600e-02
   3.7569996331160600e-02
   3.7569996331160600e-02
   3.7569996331160600e-02
   3.7569996331160600e-02
   3.7569996331160600e-02
   3.7569996331160600e-02
   3.7569996331160600e-02
   3.7569996331160600e-02
   3.7569996331160600e-02
   3.7569996331160600e-02
   3.7569996331160600e-02
   3.7569996331160600e-02
   3.7569996331160600e-02
   3.7569996331160600e-02
   3.7569996331160600e-02
   3.7569996331160600e-02
   3.7569996331160600e-02
   3.7569996331160600e-02
   3.3215800765871412e-02
   3.3215800765871412e-02
   3.3215800765871412e-02
   3.3215800765871412e-02
   3.3215800765871412e-02
   3.3215800765871412e-02
   3.3215800765871412e-02
   3.3215800765871412e-02
   3.3215800765871412e-02
   3.3215800765871412e-02
   3.3215800765871412e-02
   3.3215800765871412e-02
   3.3215800765871412e-02
   3.3215800765871412e-02
   3.3215800765871412e-02
   3.3215800765871412e-02
   3.3215800765871412e-02
   3.3215800765871412e-02
   3.3215800765871412e-02
   3.3215800765871412e-02
   3.3215800765871412e-02
   3.3215800765871412e-02
   3.3215800765871412e-02
   3.3215800765871412e-02
   3.3215800765871412e-02
   3.3215800765871412e-02
   3.3215800765871412e-02
   3.3215800765871412e-02
   3.3215800765871412e-02
   3.3215800765871412e-02
   3.3215800765871412e-02
   3.3215800765871412e-02
   3.5852423349361812e-02
   3.5852423349361812e-02
   3.5852423349361812e-02
   3.5852423349361812e-02
   3.5852423349361812e-02
   3.5852423349361812e-02
   3.5852423349361812e-02
   3.5852423349361812e-02
   3.5852423349361812e-02
   3.5852423349361812e-02
   3.5852423349361812e-02
   3.5852423349361812e-02
   3.5852423349361812e-02
   3.5852423349361812e-02
   3.5852423349361812e-02
   3.5852423349361812e-02
   3.5852423349361812e-02
   3.5852423349361812e-02
   3.5852423349361812e-02
   3.5852423349361812e-02
   3.5852423349361812e-02
   3.5852423349361812e-02
   3.5852423349361812e-02
   3.5852423349361812e-02
   3.5852423349361812e-02
   3.5852423349361812e-02
   3.5852423349361812e-02
   3.5852423349361812e-02
   3.5852423349361812e-02
   3.5852423349361812e-02
   3.5852423349361812e-02
   3.5852423349361812e-02
